melee2_225_019,knight-0,1,1,64,126,53,88
melee2_225_021,knight-0,1,128,52,118,52,86
melee2_180_017,knight-0,1,247,62,116,53,90
melee2_180_019,knight-0,54,128,60,116,53,90
melee2_225_017,knight-0,66,1,78,110,64,73
melee2_225_023,knight-0,1,364,58,110,50,84
melee2_180_021,knight-0,1,475,60,108,54,90
melee2_270_019,knight-0,60,364,100,106,63,68
melee2_270_021,knight-0,64,245,70,106,44,68
melee2_225_025,knight-0,115,112,64,106,53,84
melee2_180_023,knight-0,145,1,62,104,46,90
melee2_45_019,knight-0,135,219,72,102,11,73
melee2_135_017,knight-0,180,106,78,100,51,90
melee2_270_023,knight-0,208,1,64,100,44,67
frontflip_180_005,knight-0,1,584,58,100,52,65
melee2_180_025,knight-0,1,685,54,100,35,90
melee2_0_019,knight-0,1,786,62,98,5,60
melee2_135_025,knight-0,56,685,54,98,29,90
frontflip_180_015,knight-0,60,584,44,98,19,65
frontflip_180_017,knight-0,62,471,42,98,19,66
melee2_135_019,knight-0,105,471,106,96,60,90
frontflip_315_005,knight-0,105,568,70,96,7,58
frontflip_0_005,knight-0,161,322,62,96,4,74
die_0_021,knight-0,161,419,62,50,18,35
melee2_135_023,knight-0,208,207,60,96,35,90
melee2_90_025,knight-0,259,102,54,96,13,82
melee2_180_027,knight-0,273,1,48,96,29,86
melee2_225_027,knight-0,1,885,44,96,33,76
melee2_225_015,knight-0,1,982,68,94,56,56
frontflip_180_007,knight-0,46,885,66,94,49,57
melee_180_015,knight-0,64,784,58,94,47,62
melee2_270_025,knight-0,111,665,56,94,41,68
frontflip_180_013,knight-0,1,1077,56,94,23,61
melee2_135_027,knight-0,1,1172,52,94,27,86
melee2_90_027,knight-0,1,1267,44,94,13,80
frontflip_90_019,knight-0,1,1362,68,92,42,69
melee2_90_023,knight-0,46,1267,58,92,15,81
frontflip_225_013,knight-0,54,1172,58,92,22,67
melee_180_017,knight-0,58,1077,58,92,48,63
frontflip_225_015,knight-0,70,980,56,92,20,68
melee2_225_007,knight-0,113,879,34,92,27,56
melee2_315_019,knight-0,123,760,98,90,35,52
frontflip_315_007,knight-0,168,665,78,90,16,52
melee2_135_021,knight-0,176,568,74,90,44,90
frontflip_0_007,knight-0,212,470,70,90,18,70
frontflip_180_009,knight-0,224,304,66,90,38,55
melee_90_011,knight-0,224,395,90,74,32,63
melee2_0_017,knight-0,269,199,62,90,10,52
melee_180_021,knight-0,314,98,62,90,51,63
frontflip_135_019,knight-0,322,1,56,90,33,66
melee2_135_029,knight-0,291,290,52,90,26,82
melee_225_009,knight-0,332,189,50,90,28,58
idle2_180_005,knight-0,377,92,48,90,29,70
melee2_270_015,knight-0,379,1,44,90,21,52
frontflip_180_001,knight-0,424,1,42,90,29,59
melee2_225_009,knight-0,1,1455,38,90,28,57
melee_0_029,knight-0,1,1546,76,88,20,61
melee2_315_015,knight-0,40,1455,72,88,8,50
melee2_315_017,knight-0,70,1360,68,88,15,50
frontflip_135_005,knight-0,105,1265,66,88,57,77
frontflip_180_019,knight-0,113,1170,66,88,32,57
melee2_0_021,knight-0,117,1073,62,88,5,57
melee2_315_023,knight-0,127,972,60,88,22,55
melee_270_007,knight-0,148,851,54,88,32,51
frontflip_225_017,knight-0,1,1635,54,88,18,65
melee2_225_013,knight-0,1,1724,54,88,34,56
melee2_45_021,knight-0,1,1813,52,88,0,68
frontflip_135_017,knight-0,1,1902,52,88,31,65
melee_270_021,knight-0,1,1991,114,56,58,20
melee_270_005,knight-0,54,1813,52,88,34,54
idle2_135_007,knight-0,54,1902,48,88,27,72
melee_225_005,knight-0,103,1902,48,88,37,65
melee_315_015,knight-0,116,1991,98,56,34,33
idle2_180_007,knight-0,56,1635,48,88,29,67
melee2_180_029,knight-0,56,1724,46,88,27,78
melee2_270_007,knight-0,103,1724,44,88,16,51
frontflip_0_001,knight-0,107,1813,42,88,8,66
melee2_90_017,knight-0,78,1544,100,86,36,87
melee2_90_021,knight-0,105,1631,72,86,22,83
frontflip_45_005,knight-0,148,1718,72,86,13,80
frontflip_45_007,knight-0,178,1631,72,86,16,74
melee2_315_021,knight-0,113,1449,72,86,26,57
frontflip_270_013,knight-0,179,1536,70,86,21,69
frontflip_90_011,knight-0,139,1354,68,86,44,61
frontflip_225_007,knight-0,186,1441,68,86,52,48
frontflip_180_011,knight-0,172,1259,68,86,31,53
die_90_025,knight-0,208,1346,66,86,25,61
frontflip_270_021,knight-0,150,1805,66,86,24,53
frontflip_315_013,knight-0,152,1892,64,86,27,69
melee_90_021,knight-0,215,1979,114,68,56,60
melee_180_019,knight-0,250,1528,58,86,48,63
frontflip_315_015,knight-0,255,1433,56,86,20,71
idle2_180_003,knight-0,217,1805,50,86,31,66
idle2_135_005,knight-0,221,1718,48,86,27,71
melee_225_003,knight-0,217,1892,48,86,37,65
melee_225_007,knight-0,266,1892,44,86,33,58
frontflip_0_017,knight-0,268,1805,42,86,19,69
melee2_90_029,knight-0,251,1615,40,86,13,72
melee2_270_013,knight-0,270,1702,40,86,17,53
idle2_45_019,knight-0,292,1615,38,86,22,49
frontflip_0_003,knight-0,309,1520,30,86,9,69
melee2_270_017,knight-0,180,1061,102,84,64,50
die_135_025,knight-0,180,1146,78,84,48,66
melee_180_013,knight-0,241,1231,76,84,64,63
frontflip_90_009,knight-0,259,1146,72,84,46,65
frontflip_225_005,knight-0,275,1316,72,84,53,46
frontflip_270_011,knight-0,318,1231,68,84,20,61
melee_180_023,knight-0,312,1401,66,84,54,62
melee_180_029,knight-0,348,1316,66,84,47,64
frontflip_45_009,knight-0,188,940,62,84,24,67
frontflip_45_019,knight-0,203,851,62,84,30,69
melee_270_009,knight-0,222,756,62,84,32,48
melee2_45_023,knight-0,247,659,60,84,9,67
frontflip_225_009,knight-0,251,561,60,84,34,49
melee_180_011,knight-0,283,470,60,84,45,62
melee2_315_025,knight-0,315,381,56,84,24,55
frontflip_0_013,knight-0,344,280,52,84,26,68
castspell_90_023,knight-0,383,183,48,84,25,67
melee_45_007,knight-0,426,92,48,84,12,58
melee2_225_011,knight-0,467,1,46,84,34,57
frontflip_0_015,knight-0,251,936,40,84,17,68
melee2_180_009,knight-0,266,841,36,84,38,61
frontflip_180_003,knight-0,285,744,32,84,21,59
melee2_90_019,knight-0,308,646,98,82,34,83
melee_0_025,knight-0,312,555,78,82,18,60
melee_225_013,knight-0,344,466,78,82,63,45
melee_225_029,knight-0,391,549,78,82,53,56
melee_0_027,knight-0,372,365,76,82,20,60
melee_180_025,knight-0,397,268,74,82,57,62
melee_0_023,knight-0,432,177,70,82,14,60
frontflip_270_015,knight-0,475,86,70,82,22,67
melee_180_005,knight-0,514,1,70,82,47,70
frontflip_0_009,knight-0,423,448,68,82,25,64
melee_0_021,knight-0,449,351,68,82,12,60
frontflip_135_011,knight-0,472,260,68,82,37,58
melee_180_009,knight-0,503,169,68,82,50,61
melee2_0_023,knight-0,546,84,66,82,17,56
melee_0_019,knight-0,585,1,66,82,10,60
frontflip_90_021,knight-0,283,1021,66,82,40,65
melee_180_027,knight-0,292,926,66,82,47,62
frontflip_45_011,knight-0,303,829,64,82,32,61
frontflip_135_021,knight-0,318,729,64,82,37,59
frontflip_315_021,knight-0,332,1104,64,82,24,56
frontflip_225_011,knight-0,350,1009,64,82,28,55
frontflip_225_001,knight-0,359,912,62,82,40,47
idle2_0_019,knight-0,368,812,58,82,28,48
frontflip_45_013,knight-0,383,729,58,82,32,61
frontflip_135_015,knight-0,407,632,58,82,31,59
melee_225_015,knight-0,387,1187,58,82,52,44
melee2_45_025,knight-0,397,1092,56,82,13,65
melee_270_003,knight-0,415,995,56,82,40,53
castspell_45_009,knight-0,422,895,54,82,13,62
frontflip_315_017,knight-0,427,812,52,82,16,68
castspell_90_017,knight-0,442,715,50,82,28,64
castspell_90_019,knight-0,466,632,50,82,28,64
castspell_90_021,knight-0,470,531,50,82,28,64
castspell_45_007,knight-0,492,434,50,82,13,60
melee2_45_027,knight-0,518,343,50,82,13,65
melee2_180_011,knight-0,541,252,50,82,38,61
castspell_90_011,knight-0,572,167,48,82,28,63
castspell_90_013,knight-0,613,84,48,82,27,63
castspell_90_015,knight-0,652,1,48,82,27,63
melee2_90_015,knight-0,311,1702,48,82,23,76
idle2_135_003,knight-0,331,1607,48,82,27,68
castspell_90_009,knight-0,340,1486,46,82,28,63
melee2_45_029,knight-0,379,1401,46,82,13,64
melee2_270_011,knight-0,415,1270,46,82,16,54
die_270_019,knight-0,415,1353,50,46,20,17
melee2_270_027,knight-0,446,1175,42,82,27,61
melee2_225_005,knight-0,462,1258,42,82,31,51
melee2_225_029,knight-0,454,1078,40,82,29,63
melee_225_001,knight-0,489,1161,40,82,29,64
die_135_027,knight-0,472,978,84,80,49,56
frontflip_90_005,knight-0,477,895,82,80,48,77
frontflip_90_007,knight-0,480,798,80,80,50,68
frontflip_270_005,knight-0,493,715,80,80,27,42
frontflip_270_007,knight-0,517,614,80,80,26,44
melee_225_019,knight-0,521,517,78,80,53,46
melee_225_023,knight-0,543,426,78,80,53,42
frontflip_135_007,knight-0,569,335,76,80,58,68
melee_0_007,knight-0,592,250,72,80,20,56
frontflip_0_019,knight-0,621,167,70,80,32,63
frontflip_135_009,knight-0,662,84,70,80,46,62
frontflip_0_011,knight-0,701,1,68,80,34,64
frontflip_270_019,knight-0,495,1059,68,80,23,56
frontflip_315_011,knight-0,557,976,68,80,28,59
melee_225_011,knight-0,560,879,68,80,55,47
melee_0_017,knight-0,561,796,66,80,10,58
frontflip_135_013,knight-0,574,695,66,80,33,56
frontflip_315_001,knight-0,598,598,66,80,14,51
idle2_225_015,knight-0,600,507,66,80,40,57
frontflip_45_001,knight-0,622,416,62,80,18,69
melee2_180_005,knight-0,646,331,62,80,43,60
melee2_180_007,knight-0,665,248,62,80,51,61
idle2_135_009,knight-0,692,165,60,80,29,65
idle2_315_009,knight-0,733,82,60,80,30,46
castspell_45_011,knight-0,770,1,56,80,14,61
frontflip_45_017,knight-0,628,776,52,80,30,67
castspell_225_007,knight-0,641,679,50,80,35,46
melee2_270_009,knight-0,665,588,48,80,14,52
melee2_90_003,knight-0,667,497,46,80,23,66
idle2_180_021,knight-0,685,412,46,80,27,65
melee2_90_005,knight-0,709,329,44,80,25,67
frontflip_45_003,knight-0,728,246,44,80,19,69
castspell_90_025,knight-0,753,163,42,80,20,66
melee_90_025,knight-0,794,82,114,78,56,66
melee_90_027,knight-0,827,1,112,78,56,64
melee_135_011,knight-0,311,1785,80,78,46,69
melee_225_017,knight-0,360,1690,80,78,53,45
frontflip_270_009,knight-0,311,1864,74,78,24,49
frontflip_315_009,knight-0,330,1943,74,78,23,52
melee2_180_015,knight-0,386,1864,74,78,64,62
die_90_027,knight-0,392,1769,70,78,35,51
frontflip_90_013,knight-0,405,1943,70,78,45,57
frontflip_225_021,knight-0,461,1848,70,78,35,50
frontflip_90_017,knight-0,476,1927,68,78,43,63
frontflip_270_017,knight-0,380,1569,68,78,21,63
frontflip_135_001,knight-0,387,1484,64,78,47,64
idle2_225_005,knight-0,426,1400,62,78,40,58
melee_315_017,knight-0,466,1341,94,58,35,35
melee2_0_025,knight-0,505,1244,60,78,21,54
melee_180_003,knight-0,530,1140,60,78,39,67
idle2_270_015,knight-0,564,1057,58,78,29,56
melee2_180_013,knight-0,441,1648,58,78,47,62
castspell_45_017,knight-0,449,1563,56,78,14,60
melee_90_005,knight-0,452,1479,54,78,16,63
castspell_45_013,knight-0,489,1400,54,78,13,60
castspell_45_015,knight-0,463,1727,54,78,13,60
castspell_45_019,knight-0,500,1642,54,78,13,60
castspell_45_021,knight-0,506,1558,54,78,13,60
frontflip_45_015,knight-0,507,1479,54,78,30,62
melee2_135_013,knight-0,544,1400,54,78,45,65
melee_135_017,knight-0,561,1323,90,76,56,57
melee2_315_027,knight-0,566,1219,54,78,24,53
castspell_225_009,knight-0,591,1136,54,78,38,43
castspell_225_011,knight-0,623,1057,54,78,38,43
castspell_225_013,knight-0,626,960,54,78,38,44
castspell_225_015,knight-0,629,857,54,78,38,44
castspell_225_017,knight-0,681,760,54,78,38,44
castspell_225_019,knight-0,692,669,54,78,38,44
castspell_225_021,knight-0,621,1215,54,78,38,44
castspell_270_019,knight-0,646,1136,50,78,20,44
castspell_270_021,knight-0,678,1039,50,78,20,44
castspell_270_009,knight-0,681,936,48,78,17,44
castspell_270_011,knight-0,684,839,48,78,17,43
castspell_270_013,knight-0,518,1721,48,78,18,43
castspell_270_015,knight-0,555,1637,48,78,18,43
castspell_270_017,knight-0,561,1558,48,78,18,43
castspell_270_023,knight-0,562,1479,48,78,20,44
melee2_270_005,knight-0,599,1400,48,78,18,46
idle2_180_013,knight-0,532,1800,48,78,29,58
castspell_90_007,knight-0,567,1716,46,78,25,59
castspell_270_007,knight-0,604,1637,46,78,18,45
frontflip_225_003,knight-0,610,1558,44,78,20,53
idle2_180_023,knight-0,611,1479,44,78,25,63
castspell_270_025,knight-0,648,1400,40,78,18,45
melee_135_027,knight-0,652,1294,88,76,56,68
melee_315_027,knight-0,676,1215,86,76,27,40
melee_225_021,knight-0,697,1118,78,76,53,44
melee_0_009,knight-0,729,1015,72,76,20,52
melee2_135_015,knight-0,730,918,72,76,64,68
frontflip_180_021,knight-0,733,839,72,76,46,47
idle2_90_005,knight-0,736,748,70,76,28,62
frontflip_45_021,knight-0,545,1879,70,76,32,58
idle2_90_009,knight-0,581,1795,68,76,29,62
idle2_270_009,knight-0,614,1716,68,76,37,45
idle2_90_007,knight-0,651,1637,66,76,28,62
idle2_45_011,knight-0,655,1558,64,76,19,49
idle2_315_011,knight-0,656,1479,64,76,36,45
idle2_180_009,knight-0,545,1956,62,76,43,54
frontflip_225_019,knight-0,608,1956,60,76,25,51
frontflip_315_019,knight-0,616,1872,58,76,19,56
melee_90_007,knight-0,650,1793,56,76,20,62
idle2_315_015,knight-0,683,1714,56,76,23,47
idle2_180_011,knight-0,718,1635,56,76,36,56
castspell_45_023,knight-0,720,1556,54,76,13,59
castspell_225_023,knight-0,669,1949,54,76,38,43
idle2_225_003,knight-0,675,1870,54,76,34,56
melee2_0_027,knight-0,707,1791,52,76,20,55
idle2_135_015,knight-0,740,1712,52,76,31,58
frontflip_315_003,knight-0,724,1947,52,76,13,60
frontflip_135_003,knight-0,730,1868,50,76,33,61
idle2_135_021,knight-0,760,1789,50,76,26,68
melee_45_009,knight-0,777,1945,48,76,18,58
idle2_180_015,knight-0,781,1866,48,76,29,56
idle2_90_025,knight-0,826,1943,46,76,19,62
castspell_45_005,knight-0,689,1371,38,76,9,53
melee_315_013,knight-0,721,1448,88,74,35,36
melee_45_025,knight-0,728,1371,82,74,27,60
melee_45_027,knight-0,741,1292,82,74,27,59
melee_45_029,knight-0,763,1195,82,74,27,59
melee2_45_017,knight-0,776,1092,76,74,12,62
melee_315_007,knight-0,802,995,76,74,34,50
die_270_027,knight-0,803,916,68,74,35,36
melee_0_003,knight-0,806,825,64,74,21,43
idle2_90_003,knight-0,714,493,64,74,29,60
melee_90_009,knight-0,732,410,64,74,28,61
melee2_135_005,knight-0,754,327,64,74,43,66
melee_135_005,knight-0,773,244,64,74,31,66
die_270_025,knight-0,796,161,64,74,39,36
idle2_225_007,knight-0,714,568,64,74,41,54
idle2_225_011,knight-0,747,643,62,74,42,55
melee2_180_003,knight-0,807,718,58,74,39,57
melee2_315_013,knight-0,779,485,54,74,8,50
idle2_0_005,knight-0,797,402,52,74,21,46
castspell_45_025,knight-0,819,319,52,74,11,57
melee_45_003,knight-0,838,236,52,74,12,50
melee_45_005,knight-0,861,161,52,74,12,52
idle2_315_005,knight-0,909,80,52,74,23,44
idle2_315_007,knight-0,940,1,52,74,23,43
melee2_315_011,knight-0,779,560,50,74,11,51
castspell_225_025,knight-0,810,635,50,74,36,45
idle2_225_021,knight-0,830,560,50,74,37,55
idle2_135_013,knight-0,861,635,48,74,27,58
melee2_135_011,knight-0,834,477,48,74,37,66
melee_270_001,knight-0,881,552,48,74,34,54
idle2_225_013,knight-0,850,394,48,74,25,54
idle2_135_023,knight-0,883,469,46,74,25,66
melee2_45_005,knight-0,872,311,44,74,12,60
melee_45_001,knight-0,891,236,44,74,12,51
melee2_90_007,knight-0,914,155,42,74,25,66
melee2_45_003,knight-0,899,386,42,74,12,59
castspell_270_027,knight-0,917,311,40,74,20,45
castspell_225_005,knight-0,936,230,38,74,26,46
melee_135_019,knight-0,957,155,88,72,56,57
melee_90_013,knight-0,962,76,86,72,28,63
melee_135_013,knight-0,993,1,86,72,52,61
die_135_029,knight-0,866,710,84,72,48,45
melee_135_029,knight-0,910,627,82,72,55,64
melee_315_011,knight-0,871,783,82,72,35,38
castspell_135_005,knight-0,871,856,72,58,39,50
castspell_315_009,knight-0,872,915,78,72,27,44
castspell_180_005,knight-0,944,856,64,58,40,45
melee_225_025,knight-0,951,700,78,72,53,42
castspell_315_011,knight-0,954,773,76,72,26,44
castspell_135_013,knight-0,930,461,74,72,47,62
castspell_135_015,knight-0,942,386,74,72,48,62
frontflip_0_021,knight-0,958,305,72,72,23,55
melee_135_009,knight-0,975,228,72,72,44,58
castspell_315_023,knight-0,1046,149,72,72,24,44
melee_180_007,knight-0,1049,74,72,72,51,57
melee2_45_015,knight-0,1080,1,70,72,12,71
castspell_135_023,knight-0,930,534,70,72,45,62
idle2_0_009,knight-0,993,607,68,72,21,46
frontflip_90_015,knight-0,1001,534,68,72,43,57
castspell_135_025,knight-0,1005,459,66,72,41,63
idle2_135_011,knight-0,1017,378,66,72,27,59
idle2_270_011,knight-0,1031,301,66,72,37,46
melee_0_011,knight-0,1048,222,64,72,17,49
melee_135_003,knight-0,1030,680,64,72,28,64
melee2_315_007,knight-0,1062,607,64,72,12,52
melee_315_005,knight-0,1070,532,64,72,30,45
idle2_180_017,knight-0,1072,451,62,72,28,43
melee_90_003,knight-0,1084,374,60,72,15,58
frontflip_270_023,knight-0,1098,295,60,72,23,46
idle2_0_011,knight-0,1113,222,58,72,20,45
idle2_90_021,knight-0,1119,147,58,72,21,58
frontflip_180_023,knight-0,1122,74,56,72,38,46
idle2_90_017,knight-0,1151,1,54,72,40,49
idle2_0_021,knight-0,775,1523,52,72,21,48
melee2_135_003,knight-0,810,1446,52,72,31,64
idle2_315_021,knight-0,811,1367,50,72,23,45
melee2_315_009,knight-0,824,1270,50,72,3,51
idle2_135_017,knight-0,862,1343,48,72,27,47
melee2_135_009,knight-0,846,1167,48,72,46,66
melee_180_001,knight-0,853,1070,46,72,27,62
melee2_90_011,knight-0,879,988,42,72,28,65
castspell_270_005,knight-0,875,1240,42,72,23,44
castspell_90_027,knight-0,895,1143,40,72,17,59
idle2_45_025,knight-0,900,1061,40,72,12,57
castspell_45_003,knight-0,922,988,36,72,8,51
melee2_45_007,knight-0,951,915,36,72,6,63
melee_270_025,knight-0,775,1596,114,70,58,32
die_225_027,knight-0,828,1519,96,70,63,35
melee_315_023,knight-0,863,1416,92,70,32,40
melee_315_025,knight-0,911,1313,92,70,32,39
melee_45_017,knight-0,918,1216,82,70,27,60
melee_45_019,knight-0,936,1134,82,70,27,60
melee_45_021,knight-0,941,1061,82,70,27,60
melee_45_023,knight-0,959,988,82,70,27,59
castspell_315_007,knight-0,988,915,80,70,30,44
melee_90_023,knight-0,1009,846,114,68,56,59
melee_225_027,knight-0,1031,753,78,70,53,44
castspell_135_009,knight-0,1095,680,76,70,47,60
castspell_315_013,knight-0,1127,605,76,70,26,42
castspell_135_011,knight-0,1110,751,74,70,47,60
frontflip_270_001,knight-0,1172,676,74,70,28,48
castspell_315_015,knight-0,1001,1205,74,70,24,42
castspell_315_017,knight-0,1019,1132,74,70,25,42
castspell_315_019,knight-0,1024,1059,74,70,25,42
castspell_315_021,knight-0,1042,986,74,70,24,42
castspell_135_017,knight-0,1069,915,72,70,46,60
castspell_135_019,knight-0,1124,822,72,70,46,60
castspell_135_021,knight-0,1185,747,72,70,46,60
idle2_45_009,knight-0,793,1667,70,70,20,49
die_315_021,knight-0,793,1738,54,50,19,25
melee_315_009,knight-0,811,1789,68,70,22,50
die_315_017,knight-0,848,1738,52,50,14,23
melee_45_011,knight-0,864,1667,66,70,11,57
castspell_315_025,knight-0,890,1590,66,70,24,43
melee2_135_007,knight-0,830,1860,62,70,50,66
idle2_0_007,knight-0,880,1789,54,70,21,45
die_270_017,knight-0,901,1738,50,50,20,18
die_45_001,knight-0,931,1661,54,70,12,53
idle2_0_003,knight-0,925,1487,52,70,20,47
idle2_0_015,knight-0,957,1558,52,70,20,49
die_315_001,knight-0,956,1384,52,70,24,42
idle2_315_003,knight-0,978,1455,52,70,23,44
die_0_001,knight-0,1004,1276,50,70,20,47
melee_0_001,knight-0,1009,1347,50,70,20,45
die_90_023,knight-0,1055,1276,50,70,25,53
die_135_009,knight-0,1076,1203,50,70,27,53
castspell_45_027,knight-0,1094,1130,48,70,11,53
idle2_315_023,knight-0,1099,1057,48,70,22,46
idle_45_005,knight-0,1117,986,46,70,13,52
idle_45_007,knight-0,1142,893,46,70,13,52
idle_45_011,knight-0,873,1931,46,70,13,53
idle_45_013,knight-0,893,1860,46,70,13,53
idle_45_017,knight-0,935,1789,46,70,13,52
die_0_027,knight-0,952,1732,96,56,39,31
idle_45_021,knight-0,986,1629,46,70,13,52
idle_45_023,knight-0,1010,1526,46,70,13,53
idle_45_027,knight-0,1031,1418,46,70,13,53
castspell_225_027,knight-0,1060,1347,46,70,34,44
idle2_45_029,knight-0,1106,1274,44,70,13,52
idle_45_001,knight-0,1127,1201,44,70,12,52
idle_45_003,knight-0,1143,1128,44,70,12,52
idle_45_015,knight-0,1148,1057,44,70,12,52
idle_45_019,knight-0,1164,964,44,70,12,52
idle_45_029,knight-0,1189,893,44,70,12,52
melee2_45_001,knight-0,1197,818,44,70,13,52
idle2_225_023,knight-0,920,1931,44,70,31,52
castspell_45_001,knight-0,940,1860,40,70,8,53
castspell_45_029,knight-0,965,1931,40,70,10,53
castspell_45_031,knight-0,981,1860,40,70,9,53
idle2_45_027,knight-0,982,1789,40,70,12,51
melee2_225_003,knight-0,1006,1931,36,70,25,47
melee_90_029,knight-0,1022,1860,112,68,57,54
melee_270_027,knight-0,1023,1789,112,68,56,38
melee_90_015,knight-0,1043,1929,106,68,48,60
die_0_023,knight-0,1043,1998,70,48,24,30
die_225_023,knight-0,1114,1998,68,48,51,21
melee_270_011,knight-0,1135,1858,92,68,60,36
die_180_025,knight-0,1150,1927,92,68,57,50
die_0_015,knight-0,1183,1996,52,48,8,34
die_225_019,knight-0,1236,1996,50,48,38,24
die_225_025,knight-0,1033,1597,90,68,64,34
die_180_027,knight-0,1033,1666,96,64,58,40
die_0_025,knight-0,1049,1731,94,56,36,27
melee_0_013,knight-0,1136,1788,78,68,14,46
melee_45_013,knight-0,1057,1489,78,68,14,57
frontflip_90_001,knight-0,1078,1418,74,68,41,61
idle2_90_019,knight-0,1107,1345,74,68,27,48
castspell_180_009,knight-0,1151,1272,74,68,47,47
castspell_180_011,knight-0,1172,1199,74,68,47,47
castspell_180_013,knight-0,1188,1128,74,68,47,47
castspell_180_015,knight-0,1193,1035,74,68,47,48
castspell_180_019,knight-0,1209,964,74,68,48,48
castspell_180_023,knight-0,1234,889,70,68,46,49
melee_0_015,knight-0,1242,818,68,68,11,46
die_90_029,knight-0,1124,1558,68,68,36,40
idle2_90_011,knight-0,1136,1487,68,68,28,54
melee2_315_005,knight-0,1153,1414,68,68,22,46
idle2_225_009,knight-0,1182,1341,66,68,45,47
castspell_315_027,knight-0,1226,1268,62,68,24,43
idle2_90_015,knight-0,1247,1197,60,68,29,54
melee_45_015,knight-0,1263,1104,60,68,5,58
melee_315_003,knight-0,1268,1033,60,68,30,42
frontflip_90_003,knight-0,1284,958,58,68,32,61
idle2_270_017,knight-0,1305,887,56,68,15,47
idle2_180_019,knight-0,1130,1627,56,68,28,48
melee2_315_029,knight-0,1144,1696,54,68,25,46
idle2_0_025,knight-0,1187,1627,52,68,20,49
melee2_0_029,knight-0,1193,1556,50,68,20,51
idle2_45_023,knight-0,1205,1483,50,68,13,53
die_135_011,knight-0,1222,1410,50,68,28,53
frontflip_135_023,knight-0,1249,1337,50,68,28,46
idle_135_007,knight-0,1289,1266,50,68,25,60
idle_135_011,knight-0,1199,1696,50,68,25,60
die_45_003,knight-0,1240,1625,48,68,13,51
melee2_270_003,knight-0,1244,1552,48,68,22,40
frontflip_315_023,knight-0,1256,1479,48,68,20,47
idle2_90_001,knight-0,1273,1406,46,68,20,54
idle_45_009,knight-0,1300,1335,46,68,13,51
idle_45_025,knight-0,1308,1173,46,68,13,51
die_180_009,knight-0,1324,1102,46,68,35,47
die_180_007,knight-0,1329,1027,44,68,32,48
castspell_90_001,knight-0,1343,956,42,68,17,55
castspell_90_005,knight-0,1340,1242,42,68,17,52
idle2_90_027,knight-0,1355,1171,42,68,13,54
frontflip_270_029,knight-0,1371,1096,42,68,19,43
castspell_90_031,knight-0,1374,1025,40,68,15,55
idle_90_007,knight-0,1215,1765,40,68,13,54
idle_90_015,knight-0,1250,1694,40,68,13,54
idle_90_023,knight-0,1289,1621,40,68,13,54
idle_90_027,knight-0,1293,1548,40,68,13,54
idle_90_029,knight-0,1305,1475,40,68,14,54
castspell_270_029,knight-0,1320,1404,40,68,23,43
castspell_90_029,knight-0,1347,1311,38,68,14,55
idle_90_003,knight-0,1383,1240,38,68,13,54
idle_90_019,knight-0,1398,1165,38,68,13,54
melee2_90_001,knight-0,1414,1094,38,68,13,54
castspell_225_029,knight-0,1228,1834,38,68,28,46
melee_90_019,knight-0,1256,1763,114,66,56,59
melee_90_017,knight-0,1291,1690,112,66,54,59
melee_270_029,knight-0,1330,1617,112,66,56,41
die_45_027,knight-0,1334,1544,98,66,34,41
melee_315_021,knight-0,1346,1473,92,66,32,40
melee_315_029,knight-0,1433,1540,88,66,28,40
die_315_027,knight-0,1361,1380,84,66,35,28
die_315_029,knight-0,1386,1309,84,66,38,28
die_315_025,knight-0,1422,1234,78,66,31,28
melee2_0_015,knight-0,1437,1163,74,66,10,50
castspell_180_017,knight-0,1439,1447,74,66,47,46
castspell_180_021,knight-0,1446,1376,72,66,46,46
melee_0_005,knight-0,1471,1301,70,66,21,41
idle2_45_007,knight-0,1501,1230,68,66,21,51
die_270_029,knight-0,1243,1903,68,66,33,31
melee2_0_005,knight-0,1267,1830,66,66,20,53
idle2_270_005,knight-0,1287,1970,66,66,37,44
castspell_180_025,knight-0,1312,1897,66,66,46,51
melee2_0_007,knight-0,1334,1830,64,66,11,55
melee2_0_003,knight-0,1371,1757,62,66,20,50
castspell_135_027,knight-0,1404,1684,62,66,37,58
frontflip_225_023,knight-0,1443,1607,62,66,30,46
melee2_0_013,knight-0,1354,1964,60,66,12,54
melee_135_001,knight-0,1379,1897,58,66,24,58
idle2_270_003,knight-0,1399,1824,58,66,29,44
die_45_009,knight-0,1434,1751,56,66,24,50
melee2_45_013,knight-0,1467,1674,56,66,22,60
idle2_45_021,knight-0,1506,1607,54,66,13,50
idle2_270_021,knight-0,1415,1964,54,66,32,46
frontflip_0_023,knight-0,1438,1891,52,66,15,49
idle2_135_001,knight-0,1458,1818,52,66,28,58
idle_135_003,knight-0,1491,1741,52,66,26,58
idle_135_017,knight-0,1524,1674,52,66,26,58
idle_135_019,knight-0,1470,1958,52,66,26,58
die_315_009,knight-0,1491,1885,52,66,23,44
idle2_315_001,knight-0,1511,1808,52,66,24,42
castspell_0_001,knight-0,1544,1741,50,66,19,48
idle2_0_023,knight-0,1523,1952,50,66,21,49
die_90_001,knight-0,1544,1875,50,66,17,52
melee_90_001,knight-0,1564,1808,50,66,12,52
die_135_001,knight-0,1514,1443,50,66,25,58
idle_135_009,knight-0,1519,1368,50,66,25,58
idle_135_013,knight-0,1542,1297,50,66,25,58
idle_135_015,knight-0,1522,1510,50,66,25,58
idle_135_021,knight-0,1565,1435,50,66,25,58
idle_135_025,knight-0,1570,1364,50,66,25,58
idle_135_027,knight-0,1561,1577,50,66,25,58
idle2_180_001,knight-0,1573,1502,50,66,31,52
idle2_90_013,knight-0,1616,1431,48,66,27,52
idle2_90_023,knight-0,1577,1644,48,66,21,52
idle2_45_001,knight-0,1612,1569,48,66,12,49
die_135_007,knight-0,1624,1498,48,66,26,52
frontflip_135_029,knight-0,1595,1711,48,66,29,47
idle2_270_013,knight-0,1626,1636,48,66,19,45
idle2_0_027,knight-0,1661,1565,46,66,20,46
die_90_021,knight-0,1574,1942,46,66,25,54
idle2_270_001,knight-0,1595,1875,46,66,25,43
castspell_180_001,knight-0,1615,1778,46,66,29,52
die_180_001,knight-0,1644,1703,46,66,27,53
idle_180_005,knight-0,1675,1632,46,66,27,56
idle_180_011,knight-0,1621,1942,46,66,27,56
idle_180_013,knight-0,1642,1845,46,66,27,56
idle_180_023,knight-0,1662,1770,46,66,27,56
idle_180_029,knight-0,1691,1699,46,66,27,56
idle2_225_001,knight-0,1668,1912,44,66,33,46
idle2_180_025,knight-0,1668,1979,44,66,25,52
castspell_90_003,knight-0,1689,1837,42,66,15,53
idle_90_013,knight-0,1709,1766,42,66,14,52
melee2_45_011,knight-0,1713,1904,42,66,9,60
frontflip_90_029,knight-0,1732,1833,40,66,20,54
idle_90_009,knight-0,1713,1971,40,66,13,52
idle_90_011,knight-0,1754,1971,40,66,12,52
idle_90_017,knight-0,1756,1900,40,66,14,52
idle_90_021,knight-0,1795,1967,40,66,14,52
idle_90_025,knight-0,1135,447,40,66,12,52
melee2_90_013,knight-0,1145,368,40,66,23,63
melee2_270_029,knight-0,1159,295,40,66,24,46
idle_225_009,knight-0,1172,220,40,66,29,47
idle_225_011,knight-0,1178,147,40,66,29,47
idle_225_013,knight-0,1179,74,40,66,29,47
idle_225_015,knight-0,1206,1,40,66,29,47
idle2_90_029,knight-0,1135,514,38,66,13,52
idle_90_001,knight-0,1174,514,38,66,13,52
idle_90_005,knight-0,1176,435,38,66,12,52
idle2_225_019,knight-0,1186,362,38,66,16,45
castspell_225_001,knight-0,1200,287,36,66,27,46
castspell_225_031,knight-0,1213,214,36,66,27,46
castspell_225_003,knight-0,1219,141,34,66,25,45
die_45_029,knight-0,1220,68,94,64,38,38
die_225_029,knight-0,1247,1,94,64,57,31
melee_270_013,knight-0,1204,581,90,64,60,26
melee_135_021,knight-0,1213,502,88,64,56,57
melee_135_025,knight-0,1215,429,88,64,56,58
idle2_135_019,knight-0,1225,354,82,64,30,49
castspell_135_007,knight-0,1237,281,80,64,48,54
castspell_0_009,knight-0,1250,208,76,64,26,51
castspell_0_011,knight-0,1254,133,76,64,25,51
castspell_0_013,knight-0,1315,66,76,64,25,50
castspell_0_015,knight-0,1342,1,76,64,26,50
castspell_0_017,knight-0,1247,646,76,64,25,50
castspell_0_019,knight-0,1295,567,76,64,26,49
idle2_270_019,knight-0,1302,494,76,64,48,43
castspell_0_007,knight-0,1304,419,74,64,27,49
castspell_0_021,knight-0,1308,346,74,64,24,49
castspell_0_023,knight-0,1318,273,74,64,24,49
castspell_180_007,knight-0,1327,198,72,64,44,46
idle2_45_005,knight-0,1331,131,68,64,22,49
idle2_45_015,knight-0,1392,66,68,64,25,49
idle2_270_007,knight-0,1419,1,62,64,32,43
frontflip_90_023,knight-0,1258,711,60,64,35,52
frontflip_270_003,knight-0,1311,776,60,64,22,49
castspell_180_027,knight-0,1319,711,60,64,41,51
idle2_45_003,knight-0,1324,632,58,64,18,49
castspell_315_029,knight-0,1372,559,56,64,25,43
idle2_45_017,knight-0,1362,841,54,64,35,49
castspell_135_029,knight-0,1372,776,54,64,29,57
die_225_021,knight-0,1362,906,50,48,36,24
idle_315_021,knight-0,1386,955,54,64,25,42
die_270_021,knight-0,1413,906,46,48,21,17
idle_315_029,knight-0,1417,841,54,64,25,42
melee2_0_011,knight-0,1415,1020,52,64,11,54
die_90_009,knight-0,1441,955,52,64,28,55
die_315_013,knight-0,1460,906,46,48,14,28
die_45_007,knight-0,1453,1085,52,64,19,49
castspell_135_031,knight-0,1468,1020,52,64,27,58
idle_135_001,knight-0,1494,955,52,64,26,56
idle_135_005,knight-0,1506,1085,52,64,26,56
idle_135_029,knight-0,1521,1020,52,64,26,56
die_270_007,knight-0,1380,697,52,64,23,40
die_315_003,knight-0,1383,624,52,64,24,39
idle2_315_013,knight-0,1427,762,52,64,23,45
idle_315_005,knight-0,1433,689,52,64,24,42
idle_315_007,knight-0,1472,827,52,64,24,42
melee_270_019,knight-0,1507,892,116,62,60,27
idle_315_011,knight-0,1547,955,52,64,24,42
idle_315_013,knight-0,1480,754,52,64,23,42
idle_315_015,knight-0,1525,819,52,64,23,42
idle_315_023,knight-0,1512,1150,52,64,24,42
idle_315_025,knight-0,1559,1085,52,64,24,42
idle_315_027,knight-0,1574,1020,52,64,24,42
idle2_45_013,knight-0,1600,955,50,64,22,49
idle2_135_029,knight-0,1565,1150,50,64,24,56
idle_135_023,knight-0,1612,1085,50,64,25,56
melee2_135_001,knight-0,1627,1020,50,64,25,56
die_270_001,knight-0,1570,1215,50,64,31,44
die_225_001,knight-0,1616,1150,50,64,39,45
die_225_003,knight-0,1663,1085,50,64,36,45
castspell_0_003,knight-0,1593,1280,48,64,18,45
castspell_0_031,knight-0,1621,1215,48,64,19,47
die_45_011,knight-0,1667,1150,48,64,20,49
melee2_90_009,knight-0,1621,1345,46,64,32,66
frontflip_45_029,knight-0,1642,1280,46,64,25,51
idle2_270_025,knight-0,1670,1215,46,64,25,44
castspell_180_031,knight-0,1665,1410,46,64,28,52
idle_180_001,knight-0,1668,1345,46,64,27,54
idle_180_003,knight-0,1689,1280,46,64,27,54
idle_180_007,knight-0,1673,1475,46,64,27,54
idle_180_009,knight-0,1712,1410,46,64,27,54
idle_180_015,knight-0,1715,1345,46,64,27,54
idle_180_017,knight-0,1708,1540,46,64,27,54
idle_180_019,knight-0,1720,1475,46,64,27,54
idle_180_021,knight-0,1759,1410,46,64,27,54
idle_180_025,knight-0,1722,1605,46,64,27,54
idle_180_027,knight-0,1755,1540,46,64,27,54
die_0_009,knight-0,1767,1475,44,64,13,47
castspell_270_001,knight-0,1738,1670,44,64,23,43
idle2_270_023,knight-0,1769,1605,44,64,22,45
frontflip_225_029,knight-0,1802,1540,44,64,17,43
die_180_005,knight-0,1752,1735,44,64,30,48
frontflip_180_025,knight-0,1783,1670,44,64,33,43
castspell_270_003,knight-0,1814,1605,42,64,25,44
castspell_270_031,knight-0,1773,1800,42,64,23,44
die_0_003,knight-0,1797,1735,40,64,13,43
idle_270_001,knight-0,1828,1670,40,64,24,44
idle_270_011,knight-0,1797,1865,40,64,24,44
idle_270_013,knight-0,1816,1800,40,64,24,44
idle_270_015,knight-0,1838,1735,40,64,24,44
idle_270_017,knight-0,1836,1930,40,64,24,44
die_0_029,knight-0,1836,1995,88,52,40,29
idle_270_019,knight-0,1838,1865,40,64,24,44
idle_270_021,knight-0,1877,1930,40,64,24,44
idle_270_027,knight-0,1857,1800,40,64,24,44
idle_270_029,knight-0,1879,1865,40,64,24,44
melee2_270_001,knight-0,1918,1930,40,64,24,44
die_180_029,knight-0,1925,1995,88,52,49,27
melee_135_023,knight-0,1959,1,88,62,56,58
frontflip_45_023,knight-0,1898,1,60,62,31,47
frontflip_0_029,knight-0,1847,1,50,62,16,49
idle_225_005,knight-0,1806,1,40,64,29,45
die_45_025,knight-0,1714,1,90,62,26,41
castspell_0_005,knight-0,1651,1,62,62,21,45
castspell_315_005,knight-0,1578,1,72,62,32,42
idle2_270_027,knight-0,1533,1,44,62,27,44
idle_0_003,knight-0,1482,1,50,62,21,45
castspell_0_025,knight-0,1736,64,68,60,20,46
castspell_0_029,knight-0,1678,64,56,62,20,46
die_90_007,knight-0,1624,64,52,62,28,53
die_225_005,knight-0,1578,64,44,62,31,45
die_180_011,knight-0,1533,64,44,62,35,45
idle_0_005,knight-0,1482,64,50,62,21,45
idle2_315_019,knight-0,1959,64,82,54,51,43
castspell_315_003,knight-0,1898,64,60,60,29,41
idle_0_007,knight-0,1847,64,50,62,20,44
idle_225_007,knight-0,1806,66,40,64,29,45
die_180_023,knight-0,1735,125,70,52,47,35
melee_315_001,knight-0,1678,127,56,62,29,41
castspell_135_001,knight-0,1624,127,52,62,27,56
die_0_005,knight-0,1578,127,44,60,13,43
die_0_007,knight-0,1533,127,44,60,13,44
melee_135_015,knight-0,1436,131,96,62,62,58
die_0_011,knight-0,1578,188,44,60,10,42
frontflip_0_027,knight-0,1533,188,44,60,12,46
die_90_003,knight-0,1486,194,46,62,15,52
die_135_023,knight-0,1429,194,56,58,37,46
die_90_011,knight-0,1436,253,48,60,23,54
die_45_005,knight-0,1393,263,42,62,12,49
melee_135_007,knight-0,1959,119,76,62,38,54
castspell_135_003,knight-0,1898,125,60,56,29,50
idle_0_009,knight-0,1847,127,50,62,20,44
idle_225_017,knight-0,1806,131,40,64,29,45
die_45_023,knight-0,1736,178,68,60,19,46
melee_270_015,knight-0,1624,190,108,60,60,27
die_135_013,knight-0,1578,249,44,58,30,48
frontflip_135_025,knight-0,1533,249,44,58,25,44
die_90_005,knight-0,1486,257,46,62,22,53
frontflip_135_027,knight-0,1436,314,48,60,29,46
castspell_315_031,knight-0,1383,338,52,62,23,41
melee_270_017,knight-0,1920,182,114,62,59,28
melee_270_023,knight-0,1805,196,114,62,59,24
die_315_005,knight-0,1762,239,42,62,17,40
frontflip_90_027,knight-0,1717,251,44,56,24,48
idle_270_003,knight-0,1678,251,38,64,23,44
idle2_0_001,knight-0,1623,251,54,62,20,44
die_45_017,knight-0,1578,308,44,56,7,48
die_45_013,knight-0,1533,308,44,54,15,44
frontflip_270_027,knight-0,1486,320,46,62,20,40
frontflip_315_025,knight-0,1533,363,44,54,18,40
frontflip_315_029,knight-0,1486,383,46,62,16,48
castspell_315_001,knight-0,1623,314,54,62,24,41
die_225_013,knight-0,1578,365,44,54,29,31
die_225_015,knight-0,1533,418,44,54,39,29
idle2_180_029,knight-0,1486,446,46,62,26,52
die_315_007,knight-0,1436,375,48,60,20,37
idle2_315_029,knight-0,1383,401,52,62,25,42
die_90_017,knight-0,1436,436,48,58,29,54
melee_315_019,knight-0,1379,495,94,62,34,39
idle_225_019,knight-0,1429,558,40,64,29,45
idle_225_021,knight-0,1436,623,40,64,29,45
idle_225_023,knight-0,1470,558,40,64,29,45
idle_225_025,knight-0,1477,623,40,64,29,45
idle_225_027,knight-0,1486,688,40,64,29,45
idle2_0_017,knight-0,1959,245,64,62,33,52
die_180_021,knight-0,1898,259,60,52,43,35
idle_0_011,knight-0,1847,259,50,62,21,44
idle_225_029,knight-0,1806,259,40,64,29,45
die_180_003,knight-0,1762,302,42,62,27,50
die_45_015,knight-0,1717,308,44,52,6,44
idle_270_005,knight-0,1678,316,38,64,23,44
idle2_315_027,knight-0,1623,377,54,62,27,43
frontflip_180_027,knight-0,1578,420,42,62,30,44
die_135_005,knight-0,1533,473,42,60,23,51
frontflip_0_025,knight-0,1717,361,42,56,9,42
idle_270_007,knight-0,1678,381,38,64,23,44
idle_315_009,knight-0,1624,440,52,62,24,41
melee2_180_001,knight-0,1576,483,46,62,27,52
die_45_019,knight-0,1527,534,48,58,11,48
castspell_0_027,knight-0,1959,308,62,62,19,47
idle_270_009,knight-0,1920,312,38,64,23,44
idle_0_013,knight-0,1869,322,50,62,21,44
idle_315_001,knight-0,1812,324,54,62,25,41
idle_0_015,knight-0,1760,365,50,62,21,44
idle2_270_029,knight-0,1717,418,40,62,24,43
idle_270_023,knight-0,1678,446,38,64,23,44
idle_315_003,knight-0,1623,503,54,62,25,41
idle2_135_025,knight-0,1576,546,46,60,25,52
die_135_019,knight-0,1527,593,48,58,34,50
die_225_009,knight-0,1959,371,58,62,33,42
idle_270_025,knight-0,1920,377,38,64,23,44
idle2_225_017,knight-0,1867,385,52,62,16,42
idle_315_017,knight-0,1812,387,54,62,25,41
frontflip_180_029,knight-0,1758,428,52,62,34,46
frontflip_225_025,knight-0,1717,481,40,60,21,40
frontflip_225_027,knight-0,1678,511,38,64,17,43
idle_315_019,knight-0,1623,566,54,62,25,41
die_270_003,knight-0,1576,607,46,60,29,41
castspell_180_003,knight-0,1527,652,48,58,28,47
melee2_315_003,knight-0,1959,434,58,60,23,40
idle2_225_025,knight-0,1920,442,38,64,26,45
idle2_135_027,knight-0,1867,448,52,60,24,52
melee2_315_001,knight-0,1812,450,54,62,25,41
die_270_009,knight-0,1758,491,52,60,22,37
frontflip_45_025,knight-0,1717,542,40,58,19,45
idle2_225_029,knight-0,1678,576,38,64,27,46
die_225_007,knight-0,1623,629,54,62,34,43
die_270_005,knight-0,1576,668,46,60,23,39
idle_225_001,knight-0,1533,711,38,64,27,45
idle_225_003,knight-0,1572,729,38,64,27,45
die_315_023,knight-0,1959,495,58,54,20,18
melee2_225_001,knight-0,1920,507,38,64,27,45
die_180_019,knight-0,1867,509,52,58,43,37
castspell_180_029,knight-0,1812,513,54,62,35,51
idle_0_017,knight-0,1869,568,50,62,21,45
die_270_013,knight-0,1762,552,48,56,27,27
die_180_015,knight-0,1812,576,54,60,48,40
die_270_015,knight-0,1762,609,48,56,20,23
idle2_180_027,knight-0,1714,641,46,58,26,48
die_135_021,knight-0,1651,692,54,58,35,48
melee2_0_009,knight-0,1611,729,38,62,-2,54
idle2_225_027,knight-0,1578,794,36,64,25,46
die_0_019,knight-0,1959,550,54,54,11,40
melee2_45_009,knight-0,1920,572,38,60,8,61
idle_0_019,knight-0,1869,631,50,62,20,45
idle_0_021,knight-0,1812,637,50,62,20,45
idle_0_023,knight-0,1761,666,50,62,20,44
die_90_013,knight-0,1714,700,46,54,20,49
idle_0_025,knight-0,1651,751,50,62,20,44
idle_0_027,knight-0,1615,814,50,62,20,44
die_90_019,knight-0,1624,877,50,62,30,56
die_45_021,knight-0,1666,814,50,62,14,48
die_270_011,knight-0,1702,755,50,58,25,33
frontflip_270_025,knight-0,1651,940,50,62,20,39
idle2_315_017,knight-0,1675,877,50,62,22,49
idle2_315_025,knight-0,1717,814,50,62,23,44
die_315_011,knight-0,1753,755,50,58,20,38
idle2_0_013,knight-0,1678,1003,50,60,20,46
idle2_0_029,knight-0,1702,940,50,60,21,43
idle_0_001,knight-0,1726,877,50,60,21,43
idle_0_029,knight-0,1768,814,50,60,20,43
melee2_0_001,knight-0,1804,729,50,60,20,43
die_135_003,knight-0,1714,1064,50,60,25,51
die_225_011,knight-0,1729,1001,50,60,28,40
die_180_017,knight-0,1753,938,50,60,44,38
frontflip_45_027,knight-0,1777,875,36,60,19,47
die_270_023,knight-0,1716,1125,50,56,26,22
die_315_019,knight-0,1765,1062,50,56,15,29
die_135_017,knight-0,1780,999,50,54,38,49
die_0_013,knight-0,1804,936,48,54,7,35
die_90_015,knight-0,1814,875,48,54,28,50
die_180_013,knight-0,1819,790,48,54,42,40
die_0_017,knight-0,1855,700,50,52,7,38
frontflip_90_025,knight-0,1959,605,50,52,29,45
die_315_015,knight-0,1959,658,50,52,14,24
die_135_015,knight-0,1906,694,48,52,36,49
frontflip_315_027,knight-0,1959,711,46,52,17,41
die_225_017,knight-0,1906,747,46,52,39,25
special1_180_017,knight-1,1,1,62,116,40,87
special1_135_017,knight-1,1,118,56,114,38,88
special1_180_007,knight-1,1,233,56,114,33,88
special1_180_009,knight-1,1,348,56,114,33,88
special1_180_011,knight-1,1,463,56,114,33,87
special1_180_013,knight-1,1,578,48,114,26,87
special1_135_005,knight-1,1,693,50,112,28,90
special1_180_005,knight-1,50,578,64,110,42,84
special1_180_015,knight-1,58,118,58,110,37,88
special1_135_011,knight-1,64,1,56,110,31,90
special1_135_007,knight-1,58,229,52,110,29,90
special1_135_009,knight-1,58,340,52,110,29,90
special1_135_013,knight-1,58,451,58,108,34,90
special1_225_015,knight-1,111,229,58,108,36,79
special1_270_019,knight-1,111,338,44,108,18,71
special1_90_005,knight-1,117,112,80,106,36,90
special1_225_017,knight-1,121,1,76,106,38,78
special1_90_007,knight-1,1,806,82,104,37,88
special1_90_009,knight-1,52,689,82,104,36,88
special1_135_015,knight-1,115,560,60,104,40,90
special1_225_013,knight-1,117,447,58,104,33,79
special1_225_019,knight-1,156,338,58,104,35,76
special1_90_011,knight-1,170,219,80,102,37,86
special1_90_013,knight-1,198,1,78,102,38,86
special1_225_011,knight-1,198,104,64,102,34,80
special1_270_017,knight-1,1,911,60,100,19,71
unsheathsword_180_021,knight-1,1,1012,44,100,29,81
special1_225_009,knight-1,1,1113,72,98,42,76
special1_90_015,knight-1,46,1012,70,98,32,83
special1_270_015,knight-1,62,911,64,98,32,71
special1_315_015,knight-1,84,794,64,98,21,70
special1_90_017,knight-1,135,665,62,98,40,83
special1_315_017,knight-1,176,443,60,98,19,70
special1_0_013,knight-1,215,322,50,98,24,71
unsheathsword_225_023,knight-1,251,207,34,98,23,73
special1_180_019,knight-1,263,104,78,96,54,79
special1_225_007,knight-1,277,1,74,96,44,75
special1_270_021,knight-1,176,542,42,96,17,60
unsheathsword_225_025,knight-1,1,1212,30,96,21,70
special1_135_019,knight-1,1,1309,64,94,42,79
special1_0_015,knight-1,32,1212,62,94,22,69
special1_315_013,knight-1,74,1111,60,94,24,69
special1_315_019,knight-1,117,1010,60,94,20,70
special1_0_011,knight-1,127,893,50,94,24,65
special1_90_019,knight-1,149,764,38,94,21,77
special1_45_005,knight-1,1,1404,88,92,27,76
special1_45_007,knight-1,66,1307,82,92,27,75
special1_45_009,knight-1,95,1206,80,92,27,75
special1_45_011,knight-1,135,1105,70,92,26,75
special1_315_007,knight-1,178,859,56,92,25,57
special1_315_009,knight-1,188,764,56,92,24,59
special1_270_013,knight-1,198,639,76,90,36,73
unsheathsword_225_021,knight-1,219,542,72,90,56,65
special1_0_007,knight-1,237,421,62,90,24,62
special1_45_013,knight-1,266,306,60,90,22,73
special1_315_021,knight-1,286,201,60,90,20,66
special1_0_009,knight-1,342,98,58,90,23,61
special1_315_011,knight-1,352,1,56,90,23,63
special1_225_005,knight-1,178,952,82,88,52,67
special1_180_025,knight-1,178,1041,84,62,54,43
special1_0_005,knight-1,235,857,74,88,24,59
unsheathsword_135_021,knight-1,261,946,66,88,34,78
special1_45_015,knight-1,245,730,64,88,22,73
unsheathsword_90_019,knight-1,275,633,54,88,22,77
special1_315_005,knight-1,292,512,54,88,23,50
unsheathsword_135_019,knight-1,300,397,52,88,31,77
unsheathsword_0_021,knight-1,327,292,46,88,16,50
run_90_007,knight-1,347,189,42,88,21,66
run_90_023,knight-1,310,722,42,88,21,64
unsheathsword_45_023,knight-1,330,601,34,88,8,50
unsheathsword_45_025,knight-1,347,486,30,88,7,50
special1_270_011,knight-1,353,381,78,86,39,69
special1_270_005,knight-1,374,278,76,86,38,54
unsheathsword_180_025,knight-1,390,189,66,86,27,64
special2_45_013,knight-1,401,92,56,86,26,74
unsheathsword_0_023,knight-1,409,1,54,86,25,48
special1_45_019,knight-1,310,811,54,86,20,71
special2_45_009,knight-1,353,690,54,86,24,74
special2_45_015,knight-1,365,575,54,86,24,74
special2_45_017,knight-1,378,468,54,86,23,74
run_90_011,knight-1,432,365,44,86,23,63
run_90_025,knight-1,451,276,44,86,23,65
run_90_005,knight-1,457,179,42,86,21,66
run_90_009,knight-1,458,88,42,86,21,62
run_90_021,knight-1,464,1,42,86,21,63
special1_270_023,knight-1,1,1497,42,86,18,49
unsheathsword_45_027,knight-1,1,1584,30,86,11,48
special1_45_017,knight-1,1,1671,78,84,36,71
special1_270_007,knight-1,32,1584,76,84,37,61
special1_270_009,knight-1,44,1497,76,84,38,64
unsheathsword_0_025,knight-1,90,1400,64,84,36,47
unsheathsword_315_021,knight-1,149,1299,60,84,24,46
special1_90_003,knight-1,176,1198,58,84,26,70
special1_225_021,knight-1,206,1104,58,84,36,56
unsheathsword_90_023,knight-1,263,1035,88,68,28,49
special2_45_011,knight-1,328,898,54,84,24,72
special2_45_019,knight-1,365,777,52,84,21,72
unsheathsword_315_019,knight-1,408,662,52,84,19,47
special1_270_025,knight-1,420,555,46,84,17,47
takedamage_225_019,knight-1,433,452,44,84,27,65
takedamage_225_017,knight-1,477,363,42,84,23,66
special1_0_017,knight-1,496,266,62,82,19,70
unsheathsword_180_019,knight-1,500,175,60,82,44,65
unsheathsword_180_023,knight-1,501,88,56,82,27,62
special2_90_013,knight-1,507,1,54,82,33,71
special2_0_011,knight-1,558,84,50,82,15,68
special2_0_013,knight-1,562,1,50,82,14,68
special2_0_015,knight-1,1,1756,50,82,13,68
special2_45_007,knight-1,1,1839,50,82,21,70
special2_0_009,knight-1,1,1922,48,82,13,68
special2_45_021,knight-1,50,1922,48,82,19,70
special2_0_019,knight-1,52,1756,44,82,11,68
run_90_019,knight-1,52,1839,44,82,22,62
run_270_007,knight-1,80,1669,44,82,20,49
run_90_003,knight-1,109,1582,42,82,21,66
shieldblockstart_90_019,knight-1,121,1485,42,82,8,66
run_270_005,knight-1,155,1384,42,82,19,49
unsheathsword_45_029,knight-1,97,1752,34,82,13,49
unsheathsword_225_027,knight-1,125,1665,30,82,18,56
special1_0_019,knight-1,97,1835,74,80,22,69
takedamage_180_017,knight-1,132,1748,60,80,27,69
special2_90_009,knight-1,152,1568,54,80,33,69
special2_90_011,knight-1,156,1649,54,80,33,69
special2_90_015,knight-1,164,1467,54,80,33,69
special2_90_017,knight-1,198,1384,54,80,33,70
unsheathsword_270_019,knight-1,210,1283,54,80,29,46
special2_225_013,knight-1,235,1189,54,80,28,52
unsheathsword_0_027,knight-1,265,1104,52,80,28,45
special2_225_015,knight-1,207,1548,52,80,27,51
special2_225_017,knight-1,219,1465,52,80,28,52
special2_0_017,knight-1,253,1364,48,80,12,66
special2_225_021,knight-1,265,1270,48,80,27,50
run_90_027,knight-1,290,1185,44,80,23,64
shieldblockmid_90_001,knight-1,318,1104,44,80,9,59
shieldblockmid_90_003,knight-1,352,983,44,80,8,59
shieldblockmid_90_005,knight-1,383,862,44,80,8,59
shieldblockmid_90_007,knight-1,418,747,44,80,8,59
shieldblockmid_90_009,knight-1,461,640,44,80,8,59
shieldblockmid_90_011,knight-1,467,537,44,80,8,59
shieldblockmid_90_013,knight-1,478,448,44,80,8,59
shieldblockmid_90_015,knight-1,520,349,44,80,8,59
shieldblockmid_90_017,knight-1,559,258,44,80,8,59
shieldblockmid_90_019,knight-1,561,167,44,80,8,59
shieldblockmid_90_021,knight-1,99,1916,44,80,8,59
shieldblockmid_90_023,knight-1,144,1916,44,80,8,59
shieldblockmid_90_025,knight-1,172,1829,44,80,8,59
shieldblockmid_90_027,knight-1,193,1730,44,80,8,59
shieldblockmid_90_029,knight-1,211,1629,44,80,9,59
shieldblockstart_90_023,knight-1,189,1910,44,80,8,66
unsheathsword_135_025,knight-1,189,1991,98,56,36,50
shieldblockstart_90_025,knight-1,217,1811,44,80,7,66
shieldblockstart_90_027,knight-1,234,1892,44,80,7,66
shieldblockstart_90_029,knight-1,238,1710,44,80,7,66
takedamage_225_015,knight-1,256,1629,44,80,24,64
takedamage_225_021,knight-1,260,1546,44,80,30,61
special2_0_007,knight-1,272,1445,42,80,12,66
shieldblockstart_90_021,knight-1,302,1351,42,80,7,65
shieldblockstart_90_017,knight-1,314,1266,40,80,8,64
special2_225_023,knight-1,335,1185,40,80,21,49
unsheathsword_180_013,knight-1,262,1791,40,80,19,62
unsheathsword_180_015,knight-1,283,1710,40,80,19,63
takedamage_0_015,knight-1,301,1627,60,78,31,50
takedamage_0_017,knight-1,305,1526,60,78,30,49
special1_135_025,knight-1,315,1432,60,78,42,56
special1_180_003,knight-1,345,1347,60,78,40,58
takedamage_180_019,knight-1,355,1266,60,78,28,67
takedamage_0_013,knight-1,279,1872,58,78,31,49
special2_315_011,knight-1,303,1791,58,78,15,58
takedamage_90_017,knight-1,324,1706,56,78,13,55
special2_135_013,knight-1,288,1951,56,78,37,60
shieldblockstart_45_013,knight-1,338,1870,54,78,12,59
special2_225_011,knight-1,362,1785,54,78,27,51
run_45_011,knight-1,345,1949,52,78,25,59
special1_45_021,knight-1,393,1864,52,78,18,63
run_135_003,knight-1,362,1605,52,78,34,59
run_135_021,knight-1,366,1511,52,78,31,58
run_135_023,knight-1,376,1426,52,78,30,58
special1_135_003,knight-1,406,1345,52,78,28,69
special2_315_007,knight-1,381,1684,52,78,16,58
special2_225_009,knight-1,415,1590,52,78,26,51
unsheathsword_180_027,knight-1,419,1505,52,78,23,56
special2_225_019,knight-1,429,1424,50,78,27,50
run_90_013,knight-1,417,1763,44,78,23,60
unsheathsword_0_017,knight-1,434,1669,42,78,17,51
unsheathsword_0_029,knight-1,468,1584,42,78,19,45
special2_45_005,knight-1,472,1503,42,78,19,65
unsheathsword_135_013,knight-1,398,1943,42,78,18,62
special2_225_005,knight-1,441,1943,42,78,22,51
shieldblockstart_90_015,knight-1,446,1842,40,78,8,63
unsheathsword_135_011,knight-1,462,1748,40,78,17,61
unsheathsword_180_011,knight-1,477,1663,40,78,20,59
unsheathsword_0_013,knight-1,511,1582,38,78,17,52
unsheathsword_135_009,knight-1,363,1064,38,78,16,60
unsheathsword_90_025,knight-1,397,943,84,76,30,49
unsheathsword_270_025,knight-1,428,828,82,76,51,57
special1_0_021,knight-1,463,721,76,76,24,65
unsheathsword_45_019,knight-1,506,618,70,76,14,62
shieldblockmid_45_005,knight-1,512,529,62,76,21,55
shieldblockmid_45_007,knight-1,523,430,62,76,21,55
shieldblockmid_45_009,knight-1,565,339,62,76,21,55
shieldblockmid_45_011,knight-1,604,248,62,76,21,55
shieldblockmid_45_013,knight-1,606,167,62,76,21,55
shieldblockmid_45_015,knight-1,609,84,62,76,21,55
shieldblockmid_45_017,knight-1,613,1,60,76,20,55
shieldblockmid_45_019,knight-1,575,507,60,76,20,55
shieldblockmid_45_021,knight-1,586,416,60,76,20,55
shieldblockmid_45_023,knight-1,628,325,60,76,20,55
shieldblockmid_45_025,knight-1,667,244,60,76,20,55
shieldblockmid_45_027,knight-1,669,161,60,76,20,55
shieldblockmid_45_029,knight-1,672,78,60,76,20,55
shieldblockstart_45_017,knight-1,674,1,60,76,12,58
run_135_005,knight-1,376,1143,60,76,36,58
run_135_007,knight-1,402,1020,60,76,34,57
special1_315_025,knight-1,416,1220,60,76,20,52
special2_315_017,knight-1,437,1097,60,76,16,55
takedamage_180_015,knight-1,463,1020,60,76,28,65
takedamage_90_019,knight-1,482,905,58,76,15,54
shieldblockstart_45_015,knight-1,511,798,58,76,12,58
special2_315_009,knight-1,540,695,58,76,16,56
special2_315_013,knight-1,577,584,58,76,15,56
special2_315_019,knight-1,484,1921,58,76,15,55
takedamage_90_015,knight-1,487,1827,56,76,14,54
special2_135_015,knight-1,503,1742,56,76,37,58
special2_135_017,knight-1,518,1661,56,76,37,59
takedamage_270_017,knight-1,459,1297,56,76,39,55
special2_90_007,knight-1,477,1174,54,76,32,66
special2_90_019,knight-1,498,1097,54,76,32,67
special2_135_009,knight-1,524,982,54,76,35,58
special2_135_011,knight-1,541,875,54,76,35,58
special2_270_021,knight-1,570,772,54,76,20,51
special1_315_003,knight-1,599,661,54,76,23,43
special2_270_009,knight-1,480,1374,52,76,17,53
special2_270_011,knight-1,516,1251,52,76,17,53
special2_270_013,knight-1,532,1174,52,76,18,53
special2_270_015,knight-1,553,1059,52,76,18,52
special2_270_023,knight-1,579,952,52,76,19,49
special2_0_021,knight-1,596,849,48,76,10,61
run_135_025,knight-1,625,738,48,76,29,58
special1_270_029,knight-1,515,1451,48,76,29,42
special1_180_023,knight-1,515,1528,80,52,54,36
run_135_001,knight-1,550,1581,44,76,29,59
unsheathsword_135_015,knight-1,533,1328,42,76,17,62
takedamage_225_023,knight-1,569,1251,42,76,29,58
unsheathsword_180_017,knight-1,585,1136,42,76,22,61
unsheathsword_0_011,knight-1,606,1029,40,76,16,52
unsheathsword_0_015,knight-1,632,926,38,76,18,50
special1_90_021,knight-1,645,815,38,76,22,59
special2_225_003,knight-1,564,1405,34,76,15,50
unsheathsword_90_021,knight-1,576,1328,90,74,26,63
unsheathsword_270_023,knight-1,612,1213,86,74,56,54
special1_0_003,knight-1,628,1106,66,74,21,52
shieldblockstart_45_021,knight-1,647,1003,64,74,14,59
shieldblockstart_45_023,knight-1,671,892,64,74,14,59
shieldblockstart_45_025,knight-1,695,1078,64,74,14,59
unsheathsword_135_023,knight-1,695,1153,98,58,36,52
shieldblockstart_45_029,knight-1,712,967,64,74,13,58
run_135_009,knight-1,760,1042,64,74,35,54
special1_315_023,knight-1,543,1904,64,74,23,50
unsheathsword_90_027,knight-1,543,1979,80,68,30,48
shieldblockstart_45_019,knight-1,544,1819,62,74,13,58
shieldblockstart_45_027,knight-1,560,1738,62,74,12,59
run_135_011,knight-1,575,1658,62,74,35,55
takedamage_0_019,knight-1,595,1581,60,74,29,46
shieldblockmid_45_001,knight-1,607,1813,60,74,20,54
shieldblockmid_45_003,knight-1,623,1733,60,74,20,54
special1_270_003,knight-1,638,1656,60,74,31,43
special2_315_015,knight-1,608,1888,60,74,16,54
shieldblockmid_135_003,knight-1,668,1808,58,74,29,60
shieldblockmid_135_005,knight-1,684,1731,58,74,29,60
shieldblockmid_135_007,knight-1,624,1963,58,74,29,60
shieldblockmid_135_009,knight-1,669,1883,58,74,29,60
shieldblockmid_135_011,knight-1,727,1806,58,74,29,60
shieldblockmid_135_013,knight-1,683,1958,58,74,29,60
shieldblockmid_135_015,knight-1,728,1881,58,74,29,60
shieldblockmid_135_017,knight-1,742,1956,58,74,29,60
shieldblockmid_135_019,knight-1,596,1482,58,74,29,60
shieldblockmid_135_021,knight-1,599,1403,58,74,29,60
shieldblockmid_135_023,knight-1,655,1478,58,74,29,60
shieldblockmid_135_025,knight-1,658,1403,58,74,29,60
shieldblockmid_135_027,knight-1,656,1553,58,74,29,60
shieldblockmid_135_029,knight-1,714,1478,58,74,29,60
shieldblockstart_135_029,knight-1,699,1628,58,74,36,65
special1_225_023,knight-1,715,1553,58,74,36,45
takedamage_180_021,knight-1,743,1703,58,74,29,63
takedamage_90_011,knight-1,758,1628,56,74,14,51
takedamage_90_013,knight-1,786,1778,56,74,15,52
run_45_007,knight-1,802,1703,56,74,25,56
shieldblockmid_135_001,knight-1,787,1853,56,74,28,60
shieldblockstart_135_019,knight-1,843,1778,56,74,33,65
shieldblockstart_135_023,knight-1,667,1288,56,74,35,65
shieldblockstart_135_025,knight-1,699,1212,56,74,35,65
shieldblockstart_135_027,knight-1,717,1363,56,74,35,65
takedamage_270_015,knight-1,724,1287,56,74,39,54
takedamage_180_013,knight-1,756,1212,56,74,24,62
takedamage_0_009,knight-1,794,1117,54,74,29,46
takedamage_0_011,knight-1,773,1438,54,74,31,46
special2_90_005,knight-1,774,1362,54,74,32,64
special2_90_021,knight-1,781,1287,54,74,32,65
shieldblockstart_135_021,knight-1,813,1192,54,74,33,65
takedamage_270_019,knight-1,774,1513,54,74,38,53
takedamage_180_023,knight-1,828,1437,54,74,29,63
special2_270_001,knight-1,829,1362,52,74,19,50
special2_270_003,knight-1,836,1267,52,74,19,50
special2_270_005,knight-1,882,1342,52,74,18,50
special2_270_017,knight-1,815,1588,52,74,18,51
special2_270_019,knight-1,829,1512,52,74,18,52
special2_270_027,knight-1,859,1663,52,74,20,50
shieldblockstart_45_011,knight-1,868,1587,50,74,12,56
special1_90_029,knight-1,882,1512,48,74,18,60
special2_225_007,knight-1,883,1417,48,74,26,51
special2_180_015,knight-1,801,1928,48,74,31,50
unsheathsword_315_017,knight-1,844,1853,46,74,19,48
special2_180_009,knight-1,850,1928,46,74,29,50
special2_180_011,knight-1,891,1853,46,74,29,50
special2_180_013,knight-1,900,1738,46,74,29,50
special2_180_017,knight-1,912,1662,46,74,30,50
takedamage_45_015,knight-1,919,1587,44,74,18,48
takedamage_45_017,knight-1,931,1492,44,74,17,48
takedamage_45_019,knight-1,932,1417,44,74,14,47
takedamage_45_021,knight-1,897,1928,44,74,12,47
run_270_009,knight-1,938,1813,44,74,19,44
shieldblockstart_270_019,knight-1,947,1737,44,74,34,40
shieldblockstart_270_021,knight-1,959,1662,44,74,34,39
takedamage_225_013,knight-1,964,1567,44,74,23,59
special2_180_019,knight-1,976,1492,44,74,29,51
run_90_029,knight-1,942,1888,42,74,21,64
run_135_029,knight-1,983,1812,42,74,29,58
special2_180_007,knight-1,992,1737,42,74,27,50
unsheathsword_180_009,knight-1,942,1963,42,74,23,55
run_90_001,knight-1,1004,1642,40,74,19,63
shieldblockstart_90_013,knight-1,1009,1567,40,74,11,60
run_135_027,knight-1,985,1887,40,74,28,58
run_270_003,knight-1,985,1962,40,74,18,41
unsheathsword_315_009,knight-1,636,493,38,74,19,48
unsheathsword_315_011,knight-1,647,402,38,74,19,48
unsheathsword_315_013,knight-1,636,568,38,74,20,48
unsheathsword_315_015,knight-1,654,643,38,74,21,48
unsheathsword_225_029,knight-1,674,718,36,74,22,49
special2_225_001,knight-1,684,793,34,74,15,49
special2_225_025,knight-1,675,477,34,74,16,49
unsheathsword_0_019,knight-1,686,402,68,72,16,50
takedamage_135_019,knight-1,689,321,66,72,26,61
unsheathsword_225_019,knight-1,728,238,66,72,48,49
takedamage_135_017,knight-1,730,155,64,72,25,60
run_45_023,knight-1,733,78,62,72,29,57
run_45_021,knight-1,735,1,60,72,27,57
special1_45_003,knight-1,675,552,60,72,12,56
shieldblockstart_135_017,knight-1,710,475,60,72,34,63
takedamage_135_015,knight-1,755,394,60,72,22,59
takedamage_90_009,knight-1,756,311,58,72,17,51
takedamage_270_013,knight-1,693,625,58,72,40,54
run_225_007,knight-1,736,548,56,72,28,44
takedamage_0_007,knight-1,771,467,54,72,26,46
takedamage_90_021,knight-1,711,698,54,72,14,52
special2_135_019,knight-1,752,621,54,72,36,56
unsheathsword_225_017,knight-1,793,540,54,72,35,54
special2_270_007,knight-1,719,771,52,72,18,52
special2_270_025,knight-1,766,694,52,72,20,49
special2_270_029,knight-1,807,613,52,72,19,49
takedamage_270_021,knight-1,736,844,52,72,35,51
special2_0_005,knight-1,772,767,50,72,13,58
shieldblockstart_45_009,knight-1,819,686,50,72,12,54
special1_45_029,knight-1,777,917,50,72,12,50
special1_225_029,knight-1,789,840,50,72,39,45
special2_180_023,knight-1,823,759,50,72,37,49
takedamage_45_003,knight-1,825,990,48,72,13,53
run_135_019,knight-1,828,913,48,72,31,55
special2_135_007,knight-1,840,832,48,72,29,57
unsheathsword_135_017,knight-1,849,1063,48,72,25,60
special2_180_001,knight-1,874,986,48,72,34,49
special2_180_003,knight-1,877,905,48,72,33,49
special2_180_005,knight-1,868,1136,48,72,32,49
unsheathsword_315_025,knight-1,868,1209,98,56,62,40
takedamage_45_013,knight-1,889,1266,46,72,19,48
shieldblockstart_270_023,knight-1,898,1059,46,72,37,37
special2_180_021,knight-1,917,1132,46,72,32,49
special2_180_027,knight-1,935,1339,46,72,32,49
special2_180_029,knight-1,936,1266,46,72,32,49
run_90_015,knight-1,977,1412,44,72,22,61
takedamage_45_023,knight-1,982,1339,44,72,12,47
takedamage_45_025,knight-1,923,978,44,72,13,49
special2_45_023,knight-1,945,1051,42,72,18,60
shieldblockstart_270_015,knight-1,1021,1485,42,72,31,40
shieldblockstart_270_017,knight-1,1022,1412,42,72,31,39
unsheathsword_180_029,knight-1,964,1124,42,72,21,50
shieldblockstart_0_025,knight-1,967,1197,72,68,20,42
shieldblockstart_270_013,knight-1,983,1266,40,72,26,42
takedamage_225_025,knight-1,1024,1266,40,72,28,55
special1_90_023,knight-1,1027,1339,36,72,20,54
special2_225_027,knight-1,1064,1339,36,72,18,50
special2_225_029,knight-1,795,151,34,72,16,50
special1_180_021,knight-1,795,224,80,70,54,53
unsheathsword_45_021,knight-1,815,295,74,70,12,50
special1_135_029,knight-1,816,366,70,70,39,62
special1_270_027,knight-1,826,437,70,70,32,34
run_315_005,knight-1,887,366,66,70,24,49
special1_135_021,knight-1,848,508,64,70,41,56
takedamage_135_021,knight-1,897,437,64,70,26,61
run_315_007,knight-1,860,579,64,70,26,49
special1_315_027,knight-1,913,508,62,70,24,40
shieldblockstart_135_015,knight-1,870,650,60,70,34,61
shieldblockstart_315_017,knight-1,925,579,60,70,23,38
shieldblockstart_315_019,knight-1,874,721,60,70,23,36
special2_315_021,knight-1,931,650,60,70,14,51
takedamage_0_021,knight-1,889,792,58,70,27,44
run_45_025,knight-1,935,721,58,70,25,57
run_45_009,knight-1,926,863,56,70,28,50
run_45_029,knight-1,948,792,56,70,23,60
run_225_005,knight-1,968,934,56,70,29,43
takedamage_90_023,knight-1,983,863,50,70,14,52
takedamage_45_005,knight-1,988,1005,50,70,13,50
takedamage_45_011,knight-1,1025,934,50,70,20,48
takedamage_315_011,knight-1,1007,1076,50,70,30,49
shieldblockstart_225_013,knight-1,1039,1005,50,70,39,44
takedamage_180_025,knight-1,1040,1147,50,70,28,60
takedamage_315_009,knight-1,1058,1076,48,70,27,47
shieldblockstart_45_005,knight-1,1065,1218,46,70,12,52
shieldblockstart_45_007,knight-1,1091,1147,46,70,12,52
run_270_019,knight-1,796,1,46,70,21,41
shieldblockstart_270_025,knight-1,796,72,46,70,37,35
shieldblockstart_270_027,knight-1,830,143,46,70,37,35
shieldblockstart_270_029,knight-1,876,214,46,70,37,34
special2_180_025,knight-1,890,285,46,70,32,48
unsheathsword_0_009,knight-1,843,1,44,70,16,50
run_90_017,knight-1,843,72,44,70,22,56
shieldblockstart_45_001,knight-1,877,143,44,70,12,52
shieldblockstart_45_003,knight-1,888,1,44,70,12,52
special1_45_001,knight-1,888,72,44,70,13,53
takedamage_45_001,knight-1,922,143,44,70,12,52
takedamage_45_027,knight-1,923,214,44,70,13,50
takedamage_45_029,knight-1,937,285,44,70,12,51
run_270_017,knight-1,954,356,44,70,20,40
run_270_021,knight-1,962,427,44,70,19,41
run_45_015,knight-1,976,498,42,70,14,58
shieldblockstart_90_011,knight-1,986,569,40,70,15,56
unsheathsword_315_007,knight-1,992,640,38,70,18,47
unsheathsword_135_007,knight-1,994,711,36,70,16,52
shieldblockstart_0_027,knight-1,1005,782,72,68,21,42
shieldblockmid_0_007,knight-1,1034,851,70,68,30,42
shieldblockmid_0_009,knight-1,1076,920,70,68,30,42
shieldblockmid_0_011,knight-1,1090,989,70,68,30,42
shieldblockmid_0_013,knight-1,1107,1058,70,68,30,42
shieldblockmid_0_015,knight-1,933,1,70,68,30,42
shieldblockmid_0_023,knight-1,933,70,70,68,31,42
special1_180_027,knight-1,967,139,70,68,51,41
unsheathsword_90_013,knight-1,968,208,64,68,25,54
shieldblockstart_315_015,knight-1,982,277,64,68,26,37
takedamage_315_019,knight-1,1033,208,64,68,37,48
takedamage_315_021,knight-1,999,346,64,68,37,46
shieldblockstart_135_013,knight-1,1047,277,62,68,35,59
takedamage_315_023,knight-1,1007,415,62,68,36,46
takedamage_135_023,knight-1,1064,346,60,68,24,60
shieldblockstart_315_021,knight-1,1019,484,60,68,23,34
special2_135_021,knight-1,1070,415,58,68,40,54
takedamage_90_007,knight-1,1027,553,56,68,18,50
run_45_001,knight-1,1080,484,56,68,23,57
run_45_005,knight-1,1004,1,56,68,24,51
run_45_019,knight-1,1004,70,56,68,25,56
takedamage_135_013,knight-1,1038,139,56,68,21,54
takedamage_135_025,knight-1,1061,1,56,68,24,60
takedamage_270_009,knight-1,1061,70,56,68,37,51
takedamage_270_011,knight-1,1095,139,56,68,39,52
shieldblockstart_225_017,knight-1,1098,208,56,68,45,43
takedamage_0_005,knight-1,1110,277,54,68,25,46
takedamage_0_023,knight-1,1125,346,54,68,24,44
run_315_003,knight-1,1129,415,54,68,19,46
takedamage_315_013,knight-1,1118,1,54,68,32,50
takedamage_180_009,knight-1,1118,70,54,68,25,55
takedamage_45_007,knight-1,1152,139,52,68,15,48
takedamage_315_007,knight-1,1155,208,52,68,28,43
shieldblockstart_225_015,knight-1,1165,277,52,68,41,43
run_225_019,knight-1,1180,346,50,68,27,44
shieldblockmid_270_003,knight-1,1173,1,48,68,37,41
shieldblockmid_270_007,knight-1,1173,70,48,68,37,41
shieldblockmid_270_009,knight-1,1205,139,48,68,37,41
shieldblockmid_270_011,knight-1,1208,208,48,68,37,41
shieldblockmid_270_013,knight-1,1218,277,48,68,37,41
shieldblockmid_270_017,knight-1,1222,1,48,68,37,41
shieldblockmid_270_023,knight-1,1222,70,48,68,37,41
shieldblockmid_270_025,knight-1,1254,139,48,68,37,41
takedamage_270_023,knight-1,1257,208,48,68,32,47
run_45_013,knight-1,1271,1,46,68,19,52
run_270_015,knight-1,1271,70,46,68,22,38
shieldblockmid_270_001,knight-1,1303,139,46,68,35,41
shieldblockmid_270_005,knight-1,1318,1,46,68,35,41
shieldblockmid_270_015,knight-1,1318,70,46,68,35,41
shieldblockmid_270_019,knight-1,1031,622,46,68,35,41
shieldblockmid_270_021,knight-1,1031,691,46,68,35,41
shieldblockmid_270_027,knight-1,1078,622,46,68,35,41
shieldblockmid_270_029,knight-1,1084,553,46,68,35,41
shieldblockstart_225_009,knight-1,1078,691,46,68,35,46
shieldblockstart_225_011,knight-1,1078,760,46,68,35,44
run_270_013,knight-1,1105,829,44,68,19,37
unsheathsword_180_005,knight-1,1147,898,44,68,27,50
unsheathsword_180_007,knight-1,1161,967,44,68,27,50
shieldblockstart_90_009,knight-1,1125,622,42,68,16,54
unsheathsword_90_001,knight-1,1131,553,42,68,22,48
unsheathsword_90_003,knight-1,1137,484,42,68,22,49
run_270_011,knight-1,1125,691,42,68,18,38
run_270_023,knight-1,1125,760,42,68,19,39
shieldblockstart_90_001,knight-1,1150,829,38,68,12,54
unsheathsword_315_005,knight-1,1168,622,38,68,18,48
unsheathsword_135_005,knight-1,1174,553,36,68,16,50
unsheathsword_135_001,knight-1,1180,484,34,68,17,48
unsheathsword_135_003,knight-1,1184,415,34,68,16,49
unsheathsword_270_021,knight-1,1168,691,86,66,58,45
special1_0_025,knight-1,1207,622,80,66,28,54
shieldblockstart_0_017,knight-1,1211,553,72,66,23,43
shieldblockstart_0_021,knight-1,1215,484,72,66,21,41
shieldblockstart_0_023,knight-1,1219,415,72,66,21,41
shieldblockstart_0_029,knight-1,1231,346,72,66,20,39
special1_0_027,knight-1,1267,277,72,66,21,43
shieldblockmid_0_001,knight-1,1306,208,70,66,30,40
shieldblockmid_0_003,knight-1,1350,139,70,66,30,40
shieldblockmid_0_005,knight-1,1284,551,70,66,30,40
shieldblockmid_0_017,knight-1,1288,482,70,66,30,40
shieldblockmid_0_019,knight-1,1292,413,70,66,30,41
shieldblockmid_0_021,knight-1,1304,344,70,66,30,41
shieldblockmid_0_025,knight-1,1340,275,70,66,30,40
shieldblockmid_0_027,knight-1,1377,206,70,66,30,40
shieldblockmid_0_029,knight-1,1168,758,70,66,30,41
shieldblockstart_0_015,knight-1,1189,825,68,66,21,44
run_315_009,knight-1,1239,758,68,66,28,47
special1_315_029,knight-1,1255,689,68,66,30,40
special1_225_025,knight-1,1288,618,68,66,35,38
special1_45_025,knight-1,1355,549,64,66,31,53
special1_45_027,knight-1,1359,480,64,66,21,49
shieldblockstart_315_013,knight-1,1363,411,64,66,25,38
unsheathsword_90_011,knight-1,1375,342,62,66,26,53
unsheathsword_90_015,knight-1,1411,273,62,66,23,52
shieldblockstart_315_011,knight-1,1192,892,62,66,26,40
shieldblockstart_315_025,knight-1,1365,1,62,66,23,32
shieldblockstart_315_027,knight-1,1365,68,62,66,23,32
shieldblockstart_315_029,knight-1,1421,135,62,66,23,31
takedamage_315_017,knight-1,1448,202,62,66,36,48
shieldblockstart_315_023,knight-1,1428,1,60,66,22,32
special2_315_023,knight-1,1428,68,60,66,15,50
shieldblockstart_225_021,knight-1,1484,135,60,66,47,41
run_135_013,knight-1,1489,1,58,66,36,53
unsheathsword_270_017,knight-1,1489,68,58,66,36,49
takedamage_315_015,knight-1,1026,1812,58,66,35,49
shieldblockstart_225_019,knight-1,1035,1717,58,66,45,41
shieldblockstart_225_023,knight-1,1045,1642,58,66,46,40
special1_225_003,knight-1,1050,1558,58,66,45,45
unsheathsword_225_013,knight-1,1064,1485,58,66,34,54
unsheathsword_90_009,knight-1,1065,1412,56,66,26,54
special2_135_005,knight-1,1101,1289,56,66,36,53
special2_315_005,knight-1,1112,1218,56,66,16,50
takedamage_315_025,knight-1,1138,1127,56,66,32,45
run_225_021,knight-1,1178,1036,56,66,29,43
unsheathsword_225_015,knight-1,1206,959,56,66,35,55
takedamage_180_011,knight-1,1255,892,56,66,24,55
special2_90_023,knight-1,1258,825,54,66,32,58
unsheathsword_270_009,knight-1,1308,756,54,66,27,48
takedamage_315_005,knight-1,1324,685,54,66,28,41
run_225_009,knight-1,1357,616,54,66,25,39
special1_45_023,knight-1,1122,1356,52,66,18,49
unsheathsword_270_027,knight-1,1122,1423,80,60,49,44
takedamage_135_001,knight-1,1158,1285,52,66,26,58
takedamage_135_027,knight-1,1175,1352,52,66,23,58
run_225_011,knight-1,1169,1194,52,66,25,40
takedamage_180_007,knight-1,1211,1261,52,66,26,52
special2_0_023,knight-1,1195,1103,50,66,10,51
takedamage_0_025,knight-1,1235,1026,50,66,20,44
takedamage_0_027,knight-1,1263,959,50,66,21,46
takedamage_90_005,knight-1,1312,892,50,66,18,49
shieldblockstart_135_003,knight-1,1313,823,50,66,24,58
shieldblockstart_135_005,knight-1,1363,752,50,66,24,58
takedamage_135_007,knight-1,1379,683,50,66,22,55
takedamage_135_029,knight-1,1412,616,50,66,23,58
takedamage_225_009,knight-1,1420,547,50,66,32,51
takedamage_45_009,knight-1,1424,478,48,66,16,46
run_135_017,knight-1,1428,409,48,66,34,53
unsheathsword_270_007,knight-1,1438,340,48,66,21,46
takedamage_225_011,knight-1,1474,269,48,66,27,52
unsheathsword_0_005,knight-1,1511,202,46,66,16,51
unsheathsword_0_007,knight-1,1545,135,46,66,16,50
takedamage_90_025,knight-1,1222,1170,46,66,14,51
takedamage_270_025,knight-1,1246,1093,46,66,31,46
unsheathsword_270_005,knight-1,1286,1026,46,66,20,46
run_270_025,knight-1,1314,959,44,66,19,38
run_270_027,knight-1,1548,1,44,66,20,36
shieldblockstart_270_009,knight-1,1548,68,44,66,25,43
run_225_013,knight-1,1026,1879,44,66,25,40
run_225_017,knight-1,1026,1946,44,66,26,42
shieldblockstart_90_007,knight-1,1071,1879,42,66,14,52
special1_90_025,knight-1,1085,1784,42,66,26,46
takedamage_90_027,knight-1,1094,1709,42,66,13,52
run_270_029,knight-1,1104,1625,42,66,20,35
shieldblockstart_270_011,knight-1,1109,1552,42,66,23,41
shieldblockstart_90_003,knight-1,1123,1484,40,66,13,52
shieldblockstart_90_005,knight-1,1071,1946,40,66,13,52
takedamage_90_001,knight-1,1112,1946,40,66,14,52
takedamage_90_003,knight-1,1114,1851,40,66,13,51
takedamage_90_029,knight-1,1128,1776,40,66,13,52
run_270_001,knight-1,1137,1692,40,66,19,36
run_225_015,knight-1,1147,1619,40,66,25,41
special1_90_001,knight-1,1152,1551,38,66,14,52
takedamage_225_027,knight-1,1164,1484,38,66,27,49
unsheathsword_90_029,knight-1,1153,1918,78,64,30,49
run_0_005,knight-1,1153,1983,76,64,28,50
run_0_007,knight-1,1230,1983,76,64,31,50
run_0_021,knight-1,1155,1843,76,64,33,50
special1_0_023,knight-1,1169,1759,76,64,24,52
shieldblockstart_0_019,knight-1,1178,1686,74,64,23,40
run_0_019,knight-1,1188,1618,72,64,29,49
special1_135_023,knight-1,1191,1551,66,64,42,50
run_0_017,knight-1,1203,1419,64,64,21,49
shieldblockstart_0_013,knight-1,1203,1484,64,64,20,44
special1_225_027,knight-1,1258,1549,64,64,42,36
unsheathsword_45_009,knight-1,1228,1328,62,64,24,50
unsheathsword_45_011,knight-1,1264,1237,62,64,23,49
shieldblockmid_315_009,knight-1,1269,1160,62,64,30,36
shieldblockmid_315_017,knight-1,1293,1093,62,64,30,37
shieldblockmid_315_019,knight-1,1333,1026,62,64,30,37
shieldblockmid_315_021,knight-1,1359,959,62,64,30,37
shieldblockmid_315_023,knight-1,1363,890,62,64,30,37
shieldblockmid_315_025,knight-1,1364,819,62,64,30,37
shieldblockmid_315_027,knight-1,1414,750,62,64,30,37
unsheathsword_225_011,knight-1,1430,683,62,64,36,52
unsheathsword_45_013,knight-1,1463,614,60,64,21,48
shieldblockstart_135_011,knight-1,1471,545,60,64,34,55
unsheathsword_270_011,knight-1,1473,476,60,64,32,49
unsheathsword_270_015,knight-1,1477,407,60,64,35,51
shieldblockmid_315_007,knight-1,1487,336,60,64,29,36
run_45_003,knight-1,1523,269,58,64,25,51
unsheathsword_45_015,knight-1,1558,202,58,64,19,48
shieldblockstart_315_009,knight-1,1592,135,58,64,25,39
shieldblockmid_225_017,knight-1,1593,1,58,64,38,42
shieldblockstart_225_025,knight-1,1593,66,58,64,46,38
shieldblockstart_225_027,knight-1,1268,1393,58,64,46,38
shieldblockstart_225_029,knight-1,1291,1302,58,64,47,38
shieldblockstart_135_009,knight-1,1327,1225,56,64,30,56
run_225_023,knight-1,1332,1158,56,64,28,42
shieldblockstart_0_009,knight-1,1356,1091,54,64,20,47
unsheathsword_45_005,knight-1,1396,1024,54,64,24,51
takedamage_270_007,knight-1,1422,955,54,64,34,45
shieldblockstart_315_003,knight-1,1426,884,54,64,26,42
takedamage_315_003,knight-1,1427,815,54,64,26,40
takedamage_315_027,knight-1,1477,748,54,64,29,43
takedamage_315_029,knight-1,1493,679,54,64,27,43
unsheathsword_0_003,knight-1,1524,610,52,64,28,51
shieldblockstart_135_001,knight-1,1532,541,52,64,26,56
shieldblockstart_315_007,knight-1,1534,472,52,64,24,40
takedamage_180_005,knight-1,1538,401,52,64,27,51
shieldblockstart_0_007,knight-1,1548,334,50,64,20,46
takedamage_0_029,knight-1,1582,267,50,64,21,46
run_45_017,knight-1,1617,200,50,64,20,55
run_135_015,knight-1,1651,131,50,64,34,53
shieldblockstart_135_007,knight-1,1268,1458,50,64,24,56
run_315_001,knight-1,1319,1458,50,64,16,42
shieldblockstart_180_009,knight-1,1327,1367,50,64,31,52
unsheathsword_180_001,knight-1,1350,1290,50,64,21,48
unsheathsword_180_003,knight-1,1384,1223,50,64,23,47
takedamage_270_005,knight-1,1389,1156,48,64,29,44
takedamage_225_005,knight-1,1411,1089,48,64,34,46
takedamage_225_007,knight-1,1451,1020,48,64,32,47
shieldblockstart_180_007,knight-1,1477,949,48,64,28,54
special2_0_001,knight-1,1481,880,46,64,12,50
shieldblockstart_180_003,knight-1,1482,813,46,64,27,55
takedamage_180_001,knight-1,1652,1,46,64,27,54
takedamage_180_027,knight-1,1652,66,46,64,26,54
special2_0_003,knight-1,1699,1,44,64,11,50
special2_0_025,knight-1,1699,66,44,64,10,49
special2_0_027,knight-1,1232,1824,44,64,10,50
takedamage_225_003,knight-1,1246,1751,44,64,32,45
special2_0_029,knight-1,1253,1683,42,64,10,50
takedamage_270_027,knight-1,1261,1614,42,64,27,44
takedamage_270_029,knight-1,1232,1889,42,64,26,44
shieldblockstart_225_007,knight-1,1275,1889,42,64,31,45
shieldblockstart_270_005,knight-1,1277,1816,40,64,25,44
takedamage_270_001,knight-1,1291,1748,40,64,24,44
shieldblockstart_225_003,knight-1,1296,1679,40,64,29,45
shieldblockstart_225_005,knight-1,1304,1614,40,64,29,46
shieldblockstart_270_001,knight-1,1323,1523,38,64,23,45
shieldblockstart_270_003,knight-1,1307,1954,38,64,23,44
shieldblockstart_225_001,knight-1,1318,1813,38,64,27,45
special1_225_001,knight-1,1332,1744,38,64,27,44
takedamage_225_001,knight-1,1337,1679,38,64,27,45
takedamage_225_029,knight-1,1318,1878,38,64,27,46
special1_270_001,knight-1,1345,1588,36,64,21,44
special2_45_027,knight-1,1362,1523,34,64,15,50
run_0_009,knight-1,1370,1432,78,62,35,48
run_0_011,knight-1,1378,1355,78,62,33,48
run_0_023,knight-1,1401,1288,74,62,33,48
run_180_007,knight-1,1435,1221,74,62,43,46
run_180_021,knight-1,1438,1154,74,62,41,46
special1_0_029,knight-1,1460,1085,72,62,21,42
run_180_023,knight-1,1500,1014,72,62,39,46
run_0_013,knight-1,1526,945,70,62,25,47
special1_90_027,knight-1,1528,878,70,62,38,48
run_180_025,knight-1,1529,813,70,62,40,45
special1_180_029,knight-1,1532,744,70,62,51,49
run_315_011,knight-1,1548,675,66,62,28,43
run_180_013,knight-1,1577,606,66,62,41,45
run_180_019,knight-1,1585,537,66,62,39,46
unsheathsword_90_017,knight-1,1587,466,62,62,21,49
unsheathsword_270_013,knight-1,1591,399,62,62,35,49
shieldblockmid_315_011,knight-1,1599,332,62,62,30,35
shieldblockmid_315_013,knight-1,1633,265,62,62,30,35
shieldblockmid_315_015,knight-1,1668,196,62,62,30,35
run_180_027,knight-1,1702,131,62,62,39,45
run_0_015,knight-1,1650,462,60,62,17,47
special2_135_023,knight-1,1654,395,60,62,41,49
shieldblockmid_315_001,knight-1,1662,328,60,62,28,35
shieldblockmid_315_003,knight-1,1696,259,60,62,28,35
shieldblockmid_315_005,knight-1,1731,194,60,62,29,35
shieldblockmid_315_029,knight-1,1346,1943,60,62,28,35
unsheathsword_225_009,knight-1,1744,1,60,62,34,50
run_180_017,knight-1,1744,64,60,62,40,46
shieldblockstart_0_011,knight-1,1765,127,58,62,21,45
unsheathsword_45_007,knight-1,1805,1,58,62,24,49
shieldblockmid_225_027,knight-1,1805,64,58,62,38,41
shieldblockmid_225_029,knight-1,1357,1809,58,62,38,41
unsheathsword_225_007,knight-1,1371,1744,58,62,31,49
run_45_027,knight-1,1357,1872,56,62,23,53
unsheathsword_45_017,knight-1,1376,1653,56,62,17,47
special2_135_025,knight-1,1382,1588,56,62,37,50
run_315_021,knight-1,1397,1495,56,62,21,40
run_225_025,knight-1,1449,1418,56,62,30,41
shieldblockmid_225_001,knight-1,1457,1351,56,62,37,41
shieldblockmid_225_003,knight-1,1476,1284,56,62,37,41
shieldblockmid_225_005,knight-1,1510,1217,56,62,37,41
shieldblockmid_225_007,knight-1,1513,1148,56,62,37,41
shieldblockmid_225_009,knight-1,1533,1077,56,62,37,41
shieldblockmid_225_011,knight-1,1573,1008,56,62,37,41
shieldblockmid_225_013,knight-1,1597,941,56,62,37,41
shieldblockmid_225_015,knight-1,1599,876,56,62,37,41
shieldblockmid_225_019,knight-1,1600,807,56,62,36,41
shieldblockmid_225_021,knight-1,1603,738,56,62,36,41
shieldblockmid_225_023,knight-1,1615,669,56,62,36,41
shieldblockmid_225_025,knight-1,1644,600,56,62,36,41
special2_135_003,knight-1,1652,525,54,62,34,49
takedamage_135_005,knight-1,1407,1935,54,62,25,53
shieldblockstart_315_001,knight-1,1414,1872,54,62,25,41
shieldblockstart_315_005,knight-1,1416,1807,54,62,26,40
takedamage_315_001,knight-1,1430,1716,54,62,25,41
unsheathsword_0_001,knight-1,1433,1651,52,62,28,49
takedamage_135_003,knight-1,1439,1558,52,62,25,54
takedamage_135_011,knight-1,1454,1481,52,62,21,48
run_315_019,knight-1,1506,1414,52,62,17,40
special1_315_001,knight-1,1514,1347,52,62,24,41
special2_315_003,knight-1,1533,1280,52,62,17,51
special2_315_025,knight-1,1567,1211,52,62,16,50
shieldblockstart_0_001,knight-1,1570,1140,50,62,21,45
shieldblockstart_0_005,knight-1,1590,1071,50,62,20,44
special1_0_001,knight-1,1630,1004,50,62,21,47
special1_135_001,knight-1,1654,939,50,62,26,54
takedamage_135_009,knight-1,1656,870,50,62,21,50
special2_315_027,knight-1,1657,801,50,62,19,49
takedamage_0_003,knight-1,1660,732,48,62,20,44
unsheathsword_90_007,knight-1,1672,663,48,62,24,51
special2_135_001,knight-1,1701,588,48,62,29,50
special2_135_029,knight-1,1707,525,48,62,29,50
special2_315_029,knight-1,1711,458,48,62,17,50
takedamage_180_003,knight-1,1715,391,48,62,26,51
unsheathsword_45_001,knight-1,1723,322,46,62,28,49
run_315_029,knight-1,1757,257,46,62,14,40
shieldblockstart_180_005,knight-1,1792,190,46,62,26,52
special1_180_001,knight-1,1824,127,46,62,27,52
takedamage_180_029,knight-1,1462,1935,46,62,26,52
unsheathsword_45_003,knight-1,1469,1870,44,62,26,49
shieldblockstart_180_001,knight-1,1471,1779,44,62,25,52
unsheathsword_270_003,knight-1,1485,1714,42,62,17,45
shieldblockstart_270_007,knight-1,1486,1621,40,62,24,42
unsheathsword_270_001,knight-1,1492,1544,40,62,16,46
takedamage_270_003,knight-1,1507,1477,38,62,23,43
special2_45_003,knight-1,1527,1607,34,62,17,49
special2_45_029,knight-1,1533,1540,34,62,16,49
special2_45_001,knight-1,1546,1477,32,62,16,49
special2_45_025,knight-1,1559,1410,32,62,15,50
unsheathsword_270_029,knight-1,1567,1343,78,60,46,44
run_180_009,knight-1,1586,1274,78,60,44,44
run_180_005,knight-1,1620,1203,76,60,46,45
run_180_011,knight-1,1621,1134,74,60,41,44
run_0_025,knight-1,1641,1067,72,60,29,46
shieldblockstart_180_019,knight-1,1681,1002,70,60,46,54
shieldblockstart_180_021,knight-1,1705,933,70,60,48,54
run_0_003,knight-1,1707,864,68,60,22,46
shieldblockstart_180_023,knight-1,1708,795,68,60,48,54
special1_135_027,knight-1,1709,726,66,60,42,45
run_180_003,knight-1,1721,651,66,60,42,45
shieldblockmid_180_001,knight-1,1750,588,66,60,37,53
shieldblockmid_180_027,knight-1,1756,521,66,60,37,53
shieldblockmid_180_029,knight-1,1760,454,66,60,37,53
shieldblockstart_180_025,knight-1,1764,385,66,60,47,54
run_180_015,knight-1,1770,320,58,60,42,44
run_225_003,knight-1,1804,253,56,60,29,37
run_315_023,knight-1,1839,190,54,60,21,39
unsheathsword_225_005,knight-1,1829,314,54,60,28,47
run_180_029,knight-1,1861,251,54,60,41,45
shieldblockstart_180_011,knight-1,1696,1128,54,60,35,48
special2_315_001,knight-1,1714,1063,52,60,17,49
run_225_029,knight-1,1752,994,52,60,29,37
shieldblockstart_0_003,knight-1,1776,712,50,60,20,43
takedamage_0_001,knight-1,1788,649,50,60,21,43
special2_135_027,knight-1,1817,582,50,60,30,49
run_225_027,knight-1,1823,515,50,60,28,40
run_315_017,knight-1,1827,446,48,60,12,40
run_315_025,knight-1,1831,375,48,60,18,38
unsheathsword_315_023,knight-1,1916,1,94,58,58,41
run_315_027,knight-1,1871,1,44,60,12,37
unsheathsword_90_005,knight-1,1864,62,46,60,24,48
unsheathsword_225_001,knight-1,1871,123,46,60,17,47
unsheathsword_225_003,knight-1,1911,62,44,60,16,47
unsheathsword_135_027,knight-1,1956,60,88,56,35,48
unsheathsword_315_027,knight-1,1956,117,88,56,51,42
unsheathsword_315_001,knight-1,1894,184,38,60,18,48
unsheathsword_135_029,knight-1,1933,174,84,58,36,48
unsheathsword_315_029,knight-1,1933,233,84,58,47,43
unsheathsword_315_003,knight-1,1509,1933,38,60,18,48
run_0_027,knight-1,1514,1842,68,58,22,44
shieldblockstart_180_017,knight-1,1516,1777,68,58,45,51
shieldblockstart_180_029,knight-1,1528,1670,68,58,49,52
shieldblockmid_180_003,knight-1,1562,1603,66,58,37,51
shieldblockmid_180_005,knight-1,1568,1540,66,58,37,51
shieldblockmid_180_007,knight-1,1579,1473,66,58,37,51
shieldblockmid_180_009,knight-1,1592,1404,66,58,37,51
shieldblockmid_180_011,knight-1,1646,1335,66,58,37,51
shieldblockmid_180_013,knight-1,1665,1264,66,58,37,51
shieldblockmid_180_015,knight-1,1697,1189,66,58,37,51
shieldblockmid_180_017,knight-1,1751,1124,66,58,37,51
shieldblockmid_180_019,knight-1,1767,1055,66,58,37,51
shieldblockmid_180_021,knight-1,1916,292,66,58,37,51
run_0_001,knight-1,1983,292,60,58,17,44
shieldblockmid_180_023,knight-1,1776,856,66,58,37,51
shieldblockmid_180_025,knight-1,1776,915,66,58,37,51
shieldblockstart_180_027,knight-1,1805,974,66,58,47,52
run_315_013,knight-1,1777,773,60,58,22,40
run_0_029,knight-1,1827,710,58,58,14,44
run_180_001,knight-1,1839,643,58,58,41,44
special2_90_025,knight-1,1868,576,54,58,32,50
run_315_015,knight-1,1874,507,54,58,17,39
special2_90_001,knight-1,1876,436,52,58,32,49
special2_90_003,knight-1,1880,375,52,58,32,49
special2_90_027,knight-1,1838,769,52,58,31,50
special2_90_029,knight-1,1886,702,52,58,31,49
run_225_001,knight-1,1898,635,52,58,28,37
shieldblockstart_180_015,knight-1,1923,566,66,56,44,49
shieldblockstart_180_013,knight-1,1951,623,60,56,41,47